	Cyanobacterium_aponinum_pcc_10605.ASM31767v1	Nostoc_punctiforme_pcc_73102.ASM2002v1	Oscillatoriales_cyanobacterium_jsc_12.ASM30994v1	Total
OG0000000	0	0	62	62
OG0000001	3	27	12	42
OG0000002	1	22	9	32
OG0000003	1	25	1	27
OG0000004	0	21	6	27
OG0000005	14	8	3	25
OG0000006	4	12	6	22
OG0000007	3	13	5	21
OG0000008	14	4	0	18
OG0000009	16	0	1	17
OG0000010	14	2	1	17
OG0000011	2	6	7	15
OG0000012	2	7	6	15
OG0000013	13	1	0	14
OG0000014	0	1	13	14
OG0000015	1	9	3	13
OG0000016	8	1	3	12
OG0000017	4	5	3	12
OG0000018	7	2	3	12
OG0000019	3	5	4	12
OG0000020	4	5	2	11
OG0000021	2	5	4	11
OG0000022	2	8	1	11
OG0000023	2	8	1	11
OG0000024	2	3	5	10
OG0000025	3	6	1	10
OG0000026	1	3	6	10
OG0000027	2	7	1	10
OG0000028	2	6	2	10
OG0000029	1	8	1	10
OG0000030	1	6	3	10
OG0000031	2	4	3	9
OG0000032	6	2	1	9
OG0000033	1	7	1	9
OG0000034	1	8	0	9
OG0000035	1	6	2	9
OG0000036	1	3	5	9
OG0000037	0	4	5	9
OG0000038	0	7	2	9
OG0000039	0	0	9	9
OG0000040	3	2	3	8
OG0000041	7	0	1	8
OG0000042	3	3	2	8
OG0000043	3	3	2	8
OG0000044	7	0	1	8
OG0000045	2	4	2	8
OG0000046	7	1	0	8
OG0000047	1	6	1	8
OG0000048	0	7	1	8
OG0000049	0	4	4	8
OG0000050	1	1	5	7
OG0000051	2	3	2	7
OG0000052	3	3	1	7
OG0000053	3	4	0	7
OG0000054	1	5	1	7
OG0000055	2	3	2	7
OG0000056	3	1	3	7
OG0000057	2	3	2	7
OG0000058	4	1	2	7
OG0000059	1	2	4	7
OG0000060	2	5	0	7
OG0000061	2	3	2	7
OG0000062	7	0	0	7
OG0000063	1	5	1	7
OG0000064	2	2	3	7
OG0000065	2	3	2	7
OG0000066	2	3	2	7
OG0000067	4	1	2	7
OG0000068	3	3	1	7
OG0000069	3	3	1	7
OG0000070	2	2	3	7
OG0000071	1	5	1	7
OG0000072	3	2	2	7
OG0000073	1	3	3	7
OG0000074	2	4	1	7
OG0000075	3	2	2	7
OG0000076	1	5	1	7
OG0000077	1	3	3	7
OG0000078	1	5	1	7
OG0000079	0	6	1	7
OG0000080	0	6	1	7
OG0000081	3	2	1	6
OG0000082	3	1	2	6
OG0000083	4	2	0	6
OG0000084	1	2	3	6
OG0000085	4	1	1	6
OG0000086	1	4	1	6
OG0000087	4	1	1	6
OG0000088	1	3	2	6
OG0000089	2	2	2	6
OG0000090	4	1	1	6
OG0000091	2	2	2	6
OG0000092	1	3	2	6
OG0000093	2	3	1	6
OG0000094	2	3	1	6
OG0000095	5	1	0	6
OG0000096	5	0	1	6
OG0000097	5	1	0	6
OG0000098	3	1	2	6
OG0000099	2	2	2	6
OG0000100	1	4	1	6
OG0000101	4	1	1	6
OG0000102	1	2	3	6
OG0000103	2	2	2	6
OG0000104	3	1	2	6
OG0000105	1	4	1	6
OG0000106	2	2	2	6
OG0000107	2	2	2	6
OG0000108	2	1	3	6
OG0000109	1	3	2	6
OG0000110	2	2	2	6
OG0000111	1	3	2	6
OG0000112	1	3	2	6
OG0000113	2	2	2	6
OG0000114	1	3	2	6
OG0000115	1	1	4	6
OG0000116	2	3	1	6
OG0000117	1	3	2	6
OG0000118	0	5	1	6
OG0000119	0	5	1	6
OG0000120	0	5	1	6
OG0000121	0	5	1	6
OG0000122	0	3	3	6
OG0000123	0	3	3	6
OG0000124	2	1	2	5
OG0000125	1	2	2	5
OG0000126	3	1	1	5
OG0000127	3	1	1	5
OG0000128	3	1	1	5
OG0000129	2	1	2	5
OG0000130	1	4	0	5
OG0000131	2	1	2	5
OG0000132	3	1	1	5
OG0000133	2	2	1	5
OG0000134	2	2	1	5
OG0000135	2	1	2	5
OG0000136	1	3	1	5
OG0000137	1	2	2	5
OG0000138	2	1	2	5
OG0000139	1	2	2	5
OG0000140	1	1	3	5
OG0000141	2	1	2	5
OG0000142	1	2	2	5
OG0000143	1	3	1	5
OG0000144	3	1	1	5
OG0000145	1	2	2	5
OG0000146	1	2	2	5
OG0000147	1	4	0	5
OG0000148	1	3	1	5
OG0000149	1	3	1	5
OG0000150	1	2	2	5
OG0000151	1	4	0	5
OG0000152	2	1	2	5
OG0000153	2	1	2	5
OG0000154	1	3	1	5
OG0000155	3	1	1	5
OG0000156	2	2	1	5
OG0000157	2	0	3	5
OG0000158	2	2	1	5
OG0000159	1	1	3	5
OG0000160	4	0	1	5
OG0000161	1	4	0	5
OG0000162	1	3	1	5
OG0000163	3	1	1	5
OG0000164	3	2	0	5
OG0000165	1	3	1	5
OG0000166	2	1	2	5
OG0000167	1	4	0	5
OG0000168	1	3	1	5
OG0000169	1	2	2	5
OG0000170	2	2	1	5
OG0000171	1	1	3	5
OG0000172	2	2	1	5
OG0000173	3	1	1	5
OG0000174	2	2	1	5
OG0000175	1	2	2	5
OG0000176	1	2	2	5
OG0000177	1	3	1	5
OG0000178	1	3	1	5
OG0000179	1	3	1	5
OG0000180	1	3	1	5
OG0000181	1	4	0	5
OG0000182	1	3	1	5
OG0000183	1	1	3	5
OG0000184	1	2	2	5
OG0000185	1	3	1	5
OG0000186	1	3	1	5
OG0000187	1	3	1	5
OG0000188	2	1	2	5
OG0000189	2	2	1	5
OG0000190	2	3	0	5
OG0000191	1	2	2	5
OG0000192	1	3	1	5
OG0000193	1	3	1	5
OG0000194	1	3	1	5
OG0000195	1	2	2	5
OG0000196	1	3	1	5
OG0000197	1	2	2	5
OG0000198	1	3	1	5
OG0000199	1	2	2	5
OG0000200	1	2	2	5
OG0000201	1	3	1	5
OG0000202	0	3	2	5
OG0000203	0	4	1	5
OG0000204	0	4	1	5
OG0000205	0	4	1	5
OG0000206	0	4	1	5
OG0000207	0	4	1	5
OG0000208	0	3	2	5
OG0000209	0	5	0	5
OG0000210	0	3	2	5
OG0000211	0	5	0	5
OG0000212	0	3	2	5
OG0000213	0	4	1	5
OG0000214	1	1	2	4
OG0000215	2	1	1	4
OG0000216	1	1	2	4
OG0000217	1	2	1	4
OG0000218	1	2	1	4
OG0000219	1	2	1	4
OG0000220	2	2	0	4
OG0000221	1	2	1	4
OG0000222	1	2	1	4
OG0000223	1	2	1	4
OG0000224	2	1	1	4
OG0000225	2	1	1	4
OG0000226	1	2	1	4
OG0000227	1	1	2	4
OG0000228	2	0	2	4
OG0000229	2	1	1	4
OG0000230	2	1	1	4
OG0000231	2	1	1	4
OG0000232	1	1	2	4
OG0000233	1	2	1	4
OG0000234	2	1	1	4
OG0000235	2	1	1	4
OG0000236	1	1	2	4
OG0000237	2	1	1	4
OG0000238	1	2	1	4
OG0000239	1	2	1	4
OG0000240	2	2	0	4
OG0000241	1	1	2	4
OG0000242	1	1	2	4
OG0000243	1	2	1	4
OG0000244	1	2	1	4
OG0000245	1	2	1	4
OG0000246	1	2	1	4
OG0000247	1	2	1	4
OG0000248	1	2	1	4
OG0000249	1	1	2	4
OG0000250	1	2	1	4
OG0000251	1	1	2	4
OG0000252	1	1	2	4
OG0000253	2	1	1	4
OG0000254	1	2	1	4
OG0000255	1	2	1	4
OG0000256	1	2	1	4
OG0000257	2	1	1	4
OG0000258	1	2	1	4
OG0000259	1	2	1	4
OG0000260	1	2	1	4
OG0000261	1	2	1	4
OG0000262	1	1	2	4
OG0000263	1	2	1	4
OG0000264	1	2	1	4
OG0000265	1	2	1	4
OG0000266	2	1	1	4
OG0000267	1	2	1	4
OG0000268	2	1	1	4
OG0000269	2	1	1	4
OG0000270	1	1	2	4
OG0000271	1	1	2	4
OG0000272	1	1	2	4
OG0000273	1	1	2	4
OG0000274	2	1	1	4
OG0000275	1	1	2	4
OG0000276	1	2	1	4
OG0000277	2	1	1	4
OG0000278	1	1	2	4
OG0000279	1	2	1	4
OG0000280	1	3	0	4
OG0000281	1	2	1	4
OG0000282	1	2	1	4
OG0000283	1	1	2	4
OG0000284	1	1	2	4
OG0000285	1	2	1	4
OG0000286	1	2	1	4
OG0000287	1	2	1	4
OG0000288	1	1	2	4
OG0000289	1	2	1	4
OG0000290	1	2	1	4
OG0000291	1	1	2	4
OG0000292	1	3	0	4
OG0000293	1	2	1	4
OG0000294	1	2	1	4
OG0000295	2	1	1	4
OG0000296	1	2	1	4
OG0000297	1	3	0	4
OG0000298	1	1	2	4
OG0000299	1	2	1	4
OG0000300	1	2	1	4
OG0000301	1	3	0	4
OG0000302	1	1	2	4
OG0000303	2	1	1	4
OG0000304	1	2	1	4
OG0000305	1	2	1	4
OG0000306	1	2	1	4
OG0000307	2	1	1	4
OG0000308	1	2	1	4
OG0000309	1	2	1	4
OG0000310	1	2	1	4
OG0000311	1	1	2	4
OG0000312	1	2	1	4
OG0000313	1	2	1	4
OG0000314	1	1	2	4
OG0000315	3	0	1	4
OG0000316	1	2	1	4
OG0000317	1	2	1	4
OG0000318	1	2	1	4
OG0000319	1	2	1	4
OG0000320	2	1	1	4
OG0000321	1	2	1	4
OG0000322	1	2	1	4
OG0000323	1	2	1	4
OG0000324	1	2	1	4
OG0000325	2	1	1	4
OG0000326	2	1	1	4
OG0000327	1	3	0	4
OG0000328	1	2	1	4
OG0000329	1	1	2	4
OG0000330	1	2	1	4
OG0000331	1	2	1	4
OG0000332	1	1	2	4
OG0000333	1	1	2	4
OG0000334	1	2	1	4
OG0000335	2	1	1	4
OG0000336	1	2	1	4
OG0000337	1	1	2	4
OG0000338	1	2	1	4
OG0000339	1	3	0	4
OG0000340	1	2	1	4
OG0000341	1	1	2	4
OG0000342	1	2	1	4
OG0000343	1	1	2	4
OG0000344	1	2	1	4
OG0000345	1	1	2	4
OG0000346	1	2	1	4
OG0000347	1	2	1	4
OG0000348	1	1	2	4
OG0000349	2	1	1	4
OG0000350	1	2	1	4
OG0000351	1	2	1	4
OG0000352	1	2	1	4
OG0000353	1	1	2	4
OG0000354	1	3	0	4
OG0000355	1	2	1	4
OG0000356	1	2	1	4
OG0000357	1	3	0	4
OG0000358	1	2	1	4
OG0000359	1	2	1	4
OG0000360	1	1	2	4
OG0000361	1	2	1	4
OG0000362	1	2	1	4
OG0000363	1	1	2	4
OG0000364	2	1	1	4
OG0000365	2	1	1	4
OG0000366	1	2	1	4
OG0000367	1	1	2	4
OG0000368	1	2	1	4
OG0000369	1	1	2	4
OG0000370	1	2	1	4
OG0000371	1	3	0	4
OG0000372	1	2	1	4
OG0000373	1	2	1	4
OG0000374	1	3	0	4
OG0000375	0	2	2	4
OG0000376	0	3	1	4
OG0000377	0	3	1	4
OG0000378	0	3	1	4
OG0000379	0	3	1	4
OG0000380	0	2	2	4
OG0000381	0	3	1	4
OG0000382	0	3	1	4
OG0000383	0	2	2	4
OG0000384	0	3	1	4
OG0000385	0	3	1	4
OG0000386	0	2	2	4
OG0000387	0	3	1	4
OG0000388	0	3	1	4
OG0000389	0	3	1	4
OG0000390	0	3	1	4
OG0000391	0	2	2	4
OG0000392	0	3	1	4
OG0000393	0	3	1	4
OG0000394	0	4	0	4
OG0000395	0	2	2	4
OG0000396	0	2	2	4
OG0000397	0	2	2	4
OG0000398	0	2	2	4
OG0000399	0	3	1	4
OG0000400	0	2	2	4
OG0000401	0	2	2	4
OG0000402	0	2	2	4
OG0000403	0	3	1	4
OG0000404	0	2	2	4
OG0000405	0	1	3	4
OG0000406	0	1	3	4
OG0000407	0	1	3	4
OG0000408	1	1	1	3
OG0000409	1	1	1	3
OG0000410	1	1	1	3
OG0000411	1	1	1	3
OG0000412	1	1	1	3
OG0000413	1	1	1	3
OG0000414	1	1	1	3
OG0000415	1	1	1	3
OG0000416	1	1	1	3
OG0000417	1	1	1	3
OG0000418	1	1	1	3
OG0000419	1	1	1	3
OG0000420	1	1	1	3
OG0000421	1	1	1	3
OG0000422	1	1	1	3
OG0000423	1	1	1	3
OG0000424	1	1	1	3
OG0000425	1	1	1	3
OG0000426	1	1	1	3
OG0000427	1	1	1	3
OG0000428	1	1	1	3
OG0000429	1	1	1	3
OG0000430	1	1	1	3
OG0000431	1	1	1	3
OG0000432	1	1	1	3
OG0000433	1	1	1	3
OG0000434	1	1	1	3
OG0000435	1	1	1	3
OG0000436	1	1	1	3
OG0000437	1	1	1	3
OG0000438	1	1	1	3
OG0000439	1	1	1	3
OG0000440	1	1	1	3
OG0000441	1	1	1	3
OG0000442	1	1	1	3
OG0000443	1	1	1	3
OG0000444	1	1	1	3
OG0000445	1	1	1	3
OG0000446	1	1	1	3
OG0000447	1	1	1	3
OG0000448	1	1	1	3
OG0000449	1	1	1	3
OG0000450	1	1	1	3
OG0000451	1	1	1	3
OG0000452	1	1	1	3
OG0000453	1	1	1	3
OG0000454	1	1	1	3
OG0000455	1	1	1	3
OG0000456	1	1	1	3
OG0000457	1	1	1	3
OG0000458	2	1	0	3
OG0000459	1	1	1	3
OG0000460	1	1	1	3
OG0000461	1	1	1	3
OG0000462	1	1	1	3
OG0000463	1	1	1	3
OG0000464	1	1	1	3
OG0000465	1	1	1	3
OG0000466	1	1	1	3
OG0000467	1	1	1	3
OG0000468	1	1	1	3
OG0000469	1	1	1	3
OG0000470	1	1	1	3
OG0000471	1	1	1	3
OG0000472	1	1	1	3
OG0000473	1	1	1	3
OG0000474	1	1	1	3
OG0000475	1	1	1	3
OG0000476	1	1	1	3
OG0000477	1	1	1	3
OG0000478	1	1	1	3
OG0000479	1	1	1	3
OG0000480	1	1	1	3
OG0000481	1	1	1	3
OG0000482	1	1	1	3
OG0000483	1	1	1	3
OG0000484	1	1	1	3
OG0000485	1	1	1	3
OG0000486	1	1	1	3
OG0000487	1	1	1	3
OG0000488	1	1	1	3
OG0000489	1	1	1	3
OG0000490	1	1	1	3
OG0000491	1	1	1	3
OG0000492	1	1	1	3
OG0000493	1	1	1	3
OG0000494	1	1	1	3
OG0000495	1	1	1	3
OG0000496	1	1	1	3
OG0000497	1	1	1	3
OG0000498	1	1	1	3
OG0000499	1	1	1	3
OG0000500	1	1	1	3
OG0000501	1	1	1	3
OG0000502	1	1	1	3
OG0000503	2	0	1	3
OG0000504	1	1	1	3
OG0000505	1	1	1	3
OG0000506	1	1	1	3
OG0000507	1	1	1	3
OG0000508	1	1	1	3
OG0000509	1	1	1	3
OG0000510	1	1	1	3
OG0000511	1	1	1	3
OG0000512	1	1	1	3
OG0000513	1	1	1	3
OG0000514	1	1	1	3
OG0000515	1	1	1	3
OG0000516	1	1	1	3
OG0000517	1	1	1	3
OG0000518	1	1	1	3
OG0000519	1	1	1	3
OG0000520	1	1	1	3
OG0000521	1	1	1	3
OG0000522	1	1	1	3
OG0000523	1	1	1	3
OG0000524	1	1	1	3
OG0000525	1	1	1	3
OG0000526	1	1	1	3
OG0000527	1	1	1	3
OG0000528	1	1	1	3
OG0000529	1	1	1	3
OG0000530	1	1	1	3
OG0000531	1	1	1	3
OG0000532	1	1	1	3
OG0000533	1	1	1	3
OG0000534	1	1	1	3
OG0000535	1	1	1	3
OG0000536	1	1	1	3
OG0000537	1	1	1	3
OG0000538	1	1	1	3
OG0000539	1	1	1	3
OG0000540	1	1	1	3
OG0000541	1	1	1	3
OG0000542	1	1	1	3
OG0000543	1	1	1	3
OG0000544	1	1	1	3
OG0000545	1	1	1	3
OG0000546	1	1	1	3
OG0000547	1	1	1	3
OG0000548	1	1	1	3
OG0000549	1	1	1	3
OG0000550	1	1	1	3
OG0000551	1	1	1	3
OG0000552	1	1	1	3
OG0000553	1	1	1	3
OG0000554	1	1	1	3
OG0000555	1	1	1	3
OG0000556	1	1	1	3
OG0000557	1	1	1	3
OG0000558	1	1	1	3
OG0000559	1	1	1	3
OG0000560	1	1	1	3
OG0000561	1	1	1	3
OG0000562	1	1	1	3
OG0000563	1	1	1	3
OG0000564	1	1	1	3
OG0000565	1	1	1	3
OG0000566	1	1	1	3
OG0000567	1	2	0	3
OG0000568	1	1	1	3
OG0000569	1	1	1	3
OG0000570	1	1	1	3
OG0000571	1	1	1	3
OG0000572	1	1	1	3
OG0000573	1	1	1	3
OG0000574	1	1	1	3
OG0000575	1	1	1	3
OG0000576	1	1	1	3
OG0000577	1	1	1	3
OG0000578	1	1	1	3
OG0000579	2	0	1	3
OG0000580	1	1	1	3
OG0000581	1	1	1	3
OG0000582	1	1	1	3
OG0000583	1	1	1	3
OG0000584	1	1	1	3
OG0000585	1	1	1	3
OG0000586	1	1	1	3
OG0000587	1	1	1	3
OG0000588	1	1	1	3
OG0000589	1	1	1	3
OG0000590	1	1	1	3
OG0000591	1	1	1	3
OG0000592	1	1	1	3
OG0000593	1	1	1	3
OG0000594	1	1	1	3
OG0000595	1	1	1	3
OG0000596	1	1	1	3
OG0000597	1	1	1	3
OG0000598	1	1	1	3
OG0000599	1	1	1	3
OG0000600	1	1	1	3
OG0000601	1	1	1	3
OG0000602	1	1	1	3
OG0000603	1	1	1	3
OG0000604	1	1	1	3
OG0000605	1	1	1	3
OG0000606	1	1	1	3
OG0000607	1	1	1	3
OG0000608	1	1	1	3
OG0000609	1	1	1	3
OG0000610	1	1	1	3
OG0000611	1	1	1	3
OG0000612	1	1	1	3
OG0000613	1	1	1	3
OG0000614	1	1	1	3
OG0000615	1	1	1	3
OG0000616	1	1	1	3
OG0000617	1	1	1	3
OG0000618	1	1	1	3
OG0000619	1	1	1	3
OG0000620	1	1	1	3
OG0000621	1	1	1	3
OG0000622	1	1	1	3
OG0000623	1	1	1	3
OG0000624	1	1	1	3
OG0000625	1	1	1	3
OG0000626	1	1	1	3
OG0000627	1	1	1	3
OG0000628	1	1	1	3
OG0000629	1	1	1	3
OG0000630	1	1	1	3
OG0000631	1	1	1	3
OG0000632	1	1	1	3
OG0000633	1	1	1	3
OG0000634	1	1	1	3
OG0000635	1	1	1	3
OG0000636	1	1	1	3
OG0000637	1	1	1	3
OG0000638	1	1	1	3
OG0000639	1	1	1	3
OG0000640	1	1	1	3
OG0000641	1	1	1	3
OG0000642	1	1	1	3
OG0000643	1	1	1	3
OG0000644	1	1	1	3
OG0000645	1	1	1	3
OG0000646	1	1	1	3
OG0000647	1	1	1	3
OG0000648	1	1	1	3
OG0000649	1	1	1	3
OG0000650	1	1	1	3
OG0000651	1	1	1	3
OG0000652	1	1	1	3
OG0000653	1	1	1	3
OG0000654	1	1	1	3
OG0000655	1	1	1	3
OG0000656	1	1	1	3
OG0000657	1	1	1	3
OG0000658	1	1	1	3
OG0000659	1	1	1	3
OG0000660	1	1	1	3
OG0000661	1	1	1	3
OG0000662	1	1	1	3
OG0000663	1	1	1	3
OG0000664	1	1	1	3
OG0000665	1	1	1	3
OG0000666	1	1	1	3
OG0000667	1	1	1	3
OG0000668	1	1	1	3
OG0000669	1	1	1	3
OG0000670	1	1	1	3
OG0000671	1	1	1	3
OG0000672	1	1	1	3
OG0000673	1	1	1	3
OG0000674	1	1	1	3
OG0000675	1	1	1	3
OG0000676	1	1	1	3
OG0000677	1	1	1	3
OG0000678	1	1	1	3
OG0000679	1	1	1	3
OG0000680	1	1	1	3
OG0000681	1	1	1	3
OG0000682	1	1	1	3
OG0000683	1	1	1	3
OG0000684	1	1	1	3
OG0000685	1	1	1	3
OG0000686	1	1	1	3
OG0000687	1	1	1	3
OG0000688	1	1	1	3
OG0000689	1	1	1	3
OG0000690	1	1	1	3
OG0000691	1	1	1	3
OG0000692	1	1	1	3
OG0000693	1	1	1	3
OG0000694	1	1	1	3
OG0000695	1	1	1	3
OG0000696	1	1	1	3
OG0000697	1	1	1	3
OG0000698	1	1	1	3
OG0000699	1	1	1	3
OG0000700	1	1	1	3
OG0000701	1	1	1	3
OG0000702	1	1	1	3
OG0000703	1	1	1	3
OG0000704	1	1	1	3
OG0000705	1	1	1	3
OG0000706	1	1	1	3
OG0000707	1	1	1	3
OG0000708	1	1	1	3
OG0000709	1	1	1	3
OG0000710	1	1	1	3
OG0000711	1	1	1	3
OG0000712	1	1	1	3
OG0000713	1	1	1	3
OG0000714	1	1	1	3
OG0000715	1	1	1	3
OG0000716	1	1	1	3
OG0000717	1	1	1	3
OG0000718	1	1	1	3
OG0000719	1	1	1	3
OG0000720	1	1	1	3
OG0000721	1	1	1	3
OG0000722	1	1	1	3
OG0000723	1	1	1	3
OG0000724	1	1	1	3
OG0000725	1	1	1	3
OG0000726	1	1	1	3
OG0000727	1	1	1	3
OG0000728	1	1	1	3
OG0000729	1	1	1	3
OG0000730	1	1	1	3
OG0000731	1	1	1	3
OG0000732	1	1	1	3
OG0000733	1	1	1	3
OG0000734	1	1	1	3
OG0000735	1	1	1	3
OG0000736	1	1	1	3
OG0000737	1	1	1	3
OG0000738	1	1	1	3
OG0000739	1	0	2	3
OG0000740	1	1	1	3
OG0000741	1	1	1	3
OG0000742	1	1	1	3
OG0000743	1	1	1	3
OG0000744	1	1	1	3
OG0000745	1	1	1	3
OG0000746	1	1	1	3
OG0000747	1	1	1	3
OG0000748	1	1	1	3
OG0000749	1	1	1	3
OG0000750	1	1	1	3
OG0000751	1	1	1	3
OG0000752	1	1	1	3
OG0000753	1	1	1	3
OG0000754	1	1	1	3
OG0000755	1	1	1	3
OG0000756	1	1	1	3
OG0000757	1	1	1	3
OG0000758	1	1	1	3
OG0000759	1	1	1	3
OG0000760	1	1	1	3
OG0000761	1	1	1	3
OG0000762	1	1	1	3
OG0000763	1	1	1	3
OG0000764	1	1	1	3
OG0000765	1	1	1	3
OG0000766	1	1	1	3
OG0000767	1	1	1	3
OG0000768	1	1	1	3
OG0000769	1	1	1	3
OG0000770	1	1	1	3
OG0000771	1	1	1	3
OG0000772	1	1	1	3
OG0000773	1	1	1	3
OG0000774	1	1	1	3
OG0000775	1	1	1	3
OG0000776	1	1	1	3
OG0000777	1	1	1	3
OG0000778	1	1	1	3
OG0000779	1	1	1	3
OG0000780	1	1	1	3
OG0000781	1	1	1	3
OG0000782	1	1	1	3
OG0000783	1	1	1	3
OG0000784	1	1	1	3
OG0000785	1	1	1	3
OG0000786	1	1	1	3
OG0000787	1	1	1	3
OG0000788	1	1	1	3
OG0000789	1	1	1	3
OG0000790	1	1	1	3
OG0000791	1	1	1	3
OG0000792	1	1	1	3
OG0000793	1	1	1	3
OG0000794	1	1	1	3
OG0000795	1	2	0	3
OG0000796	1	1	1	3
OG0000797	1	1	1	3
OG0000798	1	1	1	3
OG0000799	1	1	1	3
OG0000800	1	1	1	3
OG0000801	1	1	1	3
OG0000802	1	1	1	3
OG0000803	1	1	1	3
OG0000804	1	1	1	3
OG0000805	1	1	1	3
OG0000806	1	1	1	3
OG0000807	1	1	1	3
OG0000808	1	1	1	3
OG0000809	1	1	1	3
OG0000810	1	1	1	3
OG0000811	1	1	1	3
OG0000812	1	1	1	3
OG0000813	1	1	1	3
OG0000814	1	1	1	3
OG0000815	1	1	1	3
OG0000816	1	1	1	3
OG0000817	1	1	1	3
OG0000818	1	1	1	3
OG0000819	1	1	1	3
OG0000820	1	1	1	3
OG0000821	1	1	1	3
OG0000822	1	1	1	3
OG0000823	1	1	1	3
OG0000824	1	1	1	3
OG0000825	1	1	1	3
OG0000826	1	1	1	3
OG0000827	1	1	1	3
OG0000828	1	1	1	3
OG0000829	1	1	1	3
OG0000830	1	1	1	3
OG0000831	1	1	1	3
OG0000832	1	1	1	3
OG0000833	1	1	1	3
OG0000834	1	1	1	3
OG0000835	1	1	1	3
OG0000836	1	1	1	3
OG0000837	1	1	1	3
OG0000838	1	1	1	3
OG0000839	1	1	1	3
OG0000840	1	1	1	3
OG0000841	1	1	1	3
OG0000842	1	1	1	3
OG0000843	1	1	1	3
OG0000844	1	1	1	3
OG0000845	1	1	1	3
OG0000846	1	1	1	3
OG0000847	1	1	1	3
OG0000848	1	1	1	3
OG0000849	1	1	1	3
OG0000850	1	1	1	3
OG0000851	1	1	1	3
OG0000852	1	1	1	3
OG0000853	1	1	1	3
OG0000854	1	1	1	3
OG0000855	1	1	1	3
OG0000856	1	1	1	3
OG0000857	1	1	1	3
OG0000858	1	1	1	3
OG0000859	1	1	1	3
OG0000860	1	1	1	3
OG0000861	1	1	1	3
OG0000862	1	1	1	3
OG0000863	1	1	1	3
OG0000864	1	1	1	3
OG0000865	1	1	1	3
OG0000866	1	1	1	3
OG0000867	1	1	1	3
OG0000868	1	1	1	3
OG0000869	1	1	1	3
OG0000870	1	1	1	3
OG0000871	1	1	1	3
OG0000872	1	1	1	3
OG0000873	1	2	0	3
OG0000874	1	1	1	3
OG0000875	1	1	1	3
OG0000876	1	1	1	3
OG0000877	1	1	1	3
OG0000878	1	1	1	3
OG0000879	1	1	1	3
OG0000880	1	1	1	3
OG0000881	1	1	1	3
OG0000882	1	1	1	3
OG0000883	1	1	1	3
OG0000884	1	1	1	3
OG0000885	1	1	1	3
OG0000886	1	1	1	3
OG0000887	1	1	1	3
OG0000888	1	1	1	3
OG0000889	1	1	1	3
OG0000890	1	1	1	3
OG0000891	1	1	1	3
OG0000892	1	1	1	3
OG0000893	1	1	1	3
OG0000894	1	1	1	3
OG0000895	1	1	1	3
OG0000896	1	1	1	3
OG0000897	1	1	1	3
OG0000898	1	1	1	3
OG0000899	1	1	1	3
OG0000900	1	1	1	3
OG0000901	1	1	1	3
OG0000902	1	1	1	3
OG0000903	1	1	1	3
OG0000904	1	1	1	3
OG0000905	1	1	1	3
OG0000906	1	1	1	3
OG0000907	1	1	1	3
OG0000908	1	1	1	3
OG0000909	1	1	1	3
OG0000910	1	1	1	3
OG0000911	1	1	1	3
OG0000912	1	1	1	3
OG0000913	1	1	1	3
OG0000914	1	1	1	3
OG0000915	1	1	1	3
OG0000916	1	1	1	3
OG0000917	1	1	1	3
OG0000918	1	1	1	3
OG0000919	1	1	1	3
OG0000920	1	1	1	3
OG0000921	1	1	1	3
OG0000922	1	1	1	3
OG0000923	1	1	1	3
OG0000924	1	1	1	3
OG0000925	1	1	1	3
OG0000926	1	1	1	3
OG0000927	1	2	0	3
OG0000928	1	1	1	3
OG0000929	1	1	1	3
OG0000930	1	1	1	3
OG0000931	1	1	1	3
OG0000932	1	1	1	3
OG0000933	1	1	1	3
OG0000934	1	1	1	3
OG0000935	1	1	1	3
OG0000936	1	1	1	3
OG0000937	1	1	1	3
OG0000938	1	1	1	3
OG0000939	1	1	1	3
OG0000940	1	1	1	3
OG0000941	1	1	1	3
OG0000942	1	1	1	3
OG0000943	1	1	1	3
OG0000944	1	1	1	3
OG0000945	1	1	1	3
OG0000946	1	1	1	3
OG0000947	1	1	1	3
OG0000948	1	1	1	3
OG0000949	1	1	1	3
OG0000950	1	1	1	3
OG0000951	1	1	1	3
OG0000952	1	1	1	3
OG0000953	1	1	1	3
OG0000954	1	1	1	3
OG0000955	1	1	1	3
OG0000956	1	1	1	3
OG0000957	1	1	1	3
OG0000958	1	1	1	3
OG0000959	1	1	1	3
OG0000960	1	1	1	3
OG0000961	1	1	1	3
OG0000962	1	1	1	3
OG0000963	1	1	1	3
OG0000964	1	1	1	3
OG0000965	1	1	1	3
OG0000966	1	1	1	3
OG0000967	1	1	1	3
OG0000968	1	1	1	3
OG0000969	1	1	1	3
OG0000970	1	1	1	3
OG0000971	1	1	1	3
OG0000972	1	1	1	3
OG0000973	1	1	1	3
OG0000974	1	1	1	3
OG0000975	1	1	1	3
OG0000976	1	1	1	3
OG0000977	1	1	1	3
OG0000978	1	1	1	3
OG0000979	1	1	1	3
OG0000980	1	1	1	3
OG0000981	1	1	1	3
OG0000982	1	1	1	3
OG0000983	1	1	1	3
OG0000984	2	1	0	3
OG0000985	1	1	1	3
OG0000986	1	1	1	3
OG0000987	1	1	1	3
OG0000988	1	1	1	3
OG0000989	1	1	1	3
OG0000990	1	1	1	3
OG0000991	1	1	1	3
OG0000992	1	1	1	3
OG0000993	1	1	1	3
OG0000994	1	1	1	3
OG0000995	1	1	1	3
OG0000996	1	1	1	3
OG0000997	1	1	1	3
OG0000998	1	1	1	3
OG0000999	1	1	1	3
OG0001000	1	1	1	3
OG0001001	1	1	1	3
OG0001002	1	1	1	3
OG0001003	1	1	1	3
OG0001004	1	1	1	3
OG0001005	1	1	1	3
OG0001006	1	1	1	3
OG0001007	1	1	1	3
OG0001008	1	1	1	3
OG0001009	1	1	1	3
OG0001010	1	1	1	3
OG0001011	1	1	1	3
OG0001012	1	1	1	3
OG0001013	1	1	1	3
OG0001014	1	1	1	3
OG0001015	1	1	1	3
OG0001016	1	1	1	3
OG0001017	1	1	1	3
OG0001018	1	1	1	3
OG0001019	1	1	1	3
OG0001020	1	1	1	3
OG0001021	1	1	1	3
OG0001022	1	1	1	3
OG0001023	1	1	1	3
OG0001024	1	1	1	3
OG0001025	1	1	1	3
OG0001026	1	1	1	3
OG0001027	1	1	1	3
OG0001028	1	1	1	3
OG0001029	1	2	0	3
OG0001030	1	1	1	3
OG0001031	1	1	1	3
OG0001032	1	1	1	3
OG0001033	1	1	1	3
OG0001034	1	1	1	3
OG0001035	1	1	1	3
OG0001036	1	1	1	3
OG0001037	1	1	1	3
OG0001038	1	1	1	3
OG0001039	1	1	1	3
OG0001040	1	1	1	3
OG0001041	1	1	1	3
OG0001042	1	1	1	3
OG0001043	1	1	1	3
OG0001044	1	1	1	3
OG0001045	1	1	1	3
OG0001046	1	1	1	3
OG0001047	1	1	1	3
OG0001048	1	1	1	3
OG0001049	1	1	1	3
OG0001050	1	2	0	3
OG0001051	1	1	1	3
OG0001052	1	1	1	3
OG0001053	1	1	1	3
OG0001054	1	1	1	3
OG0001055	2	1	0	3
OG0001056	1	1	1	3
OG0001057	1	1	1	3
OG0001058	1	1	1	3
OG0001059	1	1	1	3
OG0001060	1	1	1	3
OG0001061	1	1	1	3
OG0001062	1	1	1	3
OG0001063	1	1	1	3
OG0001064	1	1	1	3
OG0001065	1	1	1	3
OG0001066	1	1	1	3
OG0001067	1	1	1	3
OG0001068	1	1	1	3
OG0001069	1	1	1	3
OG0001070	1	1	1	3
OG0001071	1	1	1	3
OG0001072	1	1	1	3
OG0001073	1	1	1	3
OG0001074	1	1	1	3
OG0001075	1	1	1	3
OG0001076	1	1	1	3
OG0001077	1	1	1	3
OG0001078	1	1	1	3
OG0001079	1	1	1	3
OG0001080	1	1	1	3
OG0001081	1	1	1	3
OG0001082	1	1	1	3
OG0001083	1	1	1	3
OG0001084	1	1	1	3
OG0001085	1	1	1	3
OG0001086	1	1	1	3
OG0001087	1	2	0	3
OG0001088	1	1	1	3
OG0001089	1	1	1	3
OG0001090	1	1	1	3
OG0001091	1	1	1	3
OG0001092	1	1	1	3
OG0001093	1	1	1	3
OG0001094	1	1	1	3
OG0001095	1	1	1	3
OG0001096	1	1	1	3
OG0001097	1	1	1	3
OG0001098	1	1	1	3
OG0001099	1	1	1	3
OG0001100	1	1	1	3
OG0001101	2	1	0	3
OG0001102	1	1	1	3
OG0001103	1	1	1	3
OG0001104	1	1	1	3
OG0001105	1	1	1	3
OG0001106	1	1	1	3
OG0001107	1	1	1	3
OG0001108	1	1	1	3
OG0001109	1	1	1	3
OG0001110	1	1	1	3
OG0001111	1	1	1	3
OG0001112	1	1	1	3
OG0001113	1	1	1	3
OG0001114	1	1	1	3
OG0001115	1	1	1	3
OG0001116	1	1	1	3
OG0001117	1	1	1	3
OG0001118	1	1	1	3
OG0001119	1	1	1	3
OG0001120	1	2	0	3
OG0001121	1	1	1	3
OG0001122	1	1	1	3
OG0001123	1	1	1	3
OG0001124	1	1	1	3
OG0001125	1	1	1	3
OG0001126	1	1	1	3
OG0001127	1	1	1	3
OG0001128	1	1	1	3
OG0001129	1	1	1	3
OG0001130	1	1	1	3
OG0001131	1	1	1	3
OG0001132	1	1	1	3
OG0001133	2	1	0	3
OG0001134	1	1	1	3
OG0001135	1	1	1	3
OG0001136	1	1	1	3
OG0001137	1	1	1	3
OG0001138	1	1	1	3
OG0001139	1	1	1	3
OG0001140	1	1	1	3
OG0001141	1	1	1	3
OG0001142	1	1	1	3
OG0001143	1	1	1	3
OG0001144	1	1	1	3
OG0001145	1	1	1	3
OG0001146	1	1	1	3
OG0001147	2	0	1	3
OG0001148	1	1	1	3
OG0001149	1	1	1	3
OG0001150	1	1	1	3
OG0001151	1	1	1	3
OG0001152	1	1	1	3
OG0001153	2	0	1	3
OG0001154	1	1	1	3
OG0001155	1	1	1	3
OG0001156	1	1	1	3
OG0001157	1	1	1	3
OG0001158	1	1	1	3
OG0001159	1	1	1	3
OG0001160	1	1	1	3
OG0001161	1	1	1	3
OG0001162	1	1	1	3
OG0001163	1	1	1	3
OG0001164	1	1	1	3
OG0001165	1	1	1	3
OG0001166	1	1	1	3
OG0001167	1	1	1	3
OG0001168	1	1	1	3
OG0001169	1	1	1	3
OG0001170	1	1	1	3
OG0001171	1	1	1	3
OG0001172	1	1	1	3
OG0001173	1	1	1	3
OG0001174	1	1	1	3
OG0001175	1	1	1	3
OG0001176	1	1	1	3
OG0001177	1	1	1	3
OG0001178	1	1	1	3
OG0001179	1	1	1	3
OG0001180	1	1	1	3
OG0001181	1	1	1	3
OG0001182	1	2	0	3
OG0001183	1	1	1	3
OG0001184	1	1	1	3
OG0001185	1	1	1	3
OG0001186	1	1	1	3
OG0001187	1	1	1	3
OG0001188	1	1	1	3
OG0001189	1	1	1	3
OG0001190	1	1	1	3
OG0001191	1	1	1	3
OG0001192	2	0	1	3
OG0001193	1	1	1	3
OG0001194	1	1	1	3
OG0001195	1	1	1	3
OG0001196	1	1	1	3
OG0001197	1	1	1	3
OG0001198	1	1	1	3
OG0001199	1	1	1	3
OG0001200	1	1	1	3
OG0001201	1	1	1	3
OG0001202	2	0	1	3
OG0001203	1	1	1	3
OG0001204	1	1	1	3
OG0001205	1	1	1	3
OG0001206	1	1	1	3
OG0001207	1	1	1	3
OG0001208	1	1	1	3
OG0001209	1	1	1	3
OG0001210	1	1	1	3
OG0001211	1	1	1	3
OG0001212	1	1	1	3
OG0001213	1	1	1	3
OG0001214	1	1	1	3
OG0001215	1	1	1	3
OG0001216	1	1	1	3
OG0001217	1	1	1	3
OG0001218	1	1	1	3
OG0001219	1	1	1	3
OG0001220	1	1	1	3
OG0001221	1	1	1	3
OG0001222	1	1	1	3
OG0001223	1	1	1	3
OG0001224	1	1	1	3
OG0001225	1	1	1	3
OG0001226	1	1	1	3
OG0001227	1	1	1	3
OG0001228	1	1	1	3
OG0001229	1	1	1	3
OG0001230	1	1	1	3
OG0001231	1	1	1	3
OG0001232	1	1	1	3
OG0001233	1	1	1	3
OG0001234	1	1	1	3
OG0001235	1	1	1	3
OG0001236	1	1	1	3
OG0001237	1	1	1	3
OG0001238	1	1	1	3
OG0001239	1	1	1	3
OG0001240	1	1	1	3
OG0001241	2	1	0	3
OG0001242	1	1	1	3
OG0001243	1	1	1	3
OG0001244	1	1	1	3
OG0001245	1	1	1	3
OG0001246	1	1	1	3
OG0001247	1	1	1	3
OG0001248	1	1	1	3
OG0001249	1	1	1	3
OG0001250	1	1	1	3
OG0001251	1	1	1	3
OG0001252	1	1	1	3
OG0001253	1	1	1	3
OG0001254	1	1	1	3
OG0001255	1	1	1	3
OG0001256	1	1	1	3
OG0001257	1	1	1	3
OG0001258	1	1	1	3
OG0001259	1	1	1	3
OG0001260	1	1	1	3
OG0001261	1	1	1	3
OG0001262	1	1	1	3
OG0001263	1	1	1	3
OG0001264	1	1	1	3
OG0001265	1	1	1	3
OG0001266	1	1	1	3
OG0001267	1	1	1	3
OG0001268	1	1	1	3
OG0001269	1	1	1	3
OG0001270	1	1	1	3
OG0001271	1	1	1	3
OG0001272	1	1	1	3
OG0001273	1	1	1	3
OG0001274	1	1	1	3
OG0001275	1	1	1	3
OG0001276	1	1	1	3
OG0001277	1	1	1	3
OG0001278	1	1	1	3
OG0001279	1	1	1	3
OG0001280	1	1	1	3
OG0001281	1	1	1	3
OG0001282	1	1	1	3
OG0001283	1	1	1	3
OG0001284	1	1	1	3
OG0001285	1	1	1	3
OG0001286	1	1	1	3
OG0001287	1	1	1	3
OG0001288	1	1	1	3
OG0001289	1	1	1	3
OG0001290	1	1	1	3
OG0001291	1	1	1	3
OG0001292	1	1	1	3
OG0001293	1	1	1	3
OG0001294	1	1	1	3
OG0001295	1	1	1	3
OG0001296	1	1	1	3
OG0001297	1	1	1	3
OG0001298	1	1	1	3
OG0001299	1	1	1	3
OG0001300	1	1	1	3
OG0001301	1	1	1	3
OG0001302	1	1	1	3
OG0001303	1	2	0	3
OG0001304	1	1	1	3
OG0001305	1	1	1	3
OG0001306	1	1	1	3
OG0001307	1	1	1	3
OG0001308	1	1	1	3
OG0001309	1	1	1	3
OG0001310	1	1	1	3
OG0001311	1	1	1	3
OG0001312	1	1	1	3
OG0001313	1	1	1	3
OG0001314	1	1	1	3
OG0001315	1	2	0	3
OG0001316	1	2	0	3
OG0001317	1	2	0	3
OG0001318	1	1	1	3
OG0001319	1	1	1	3
OG0001320	1	1	1	3
OG0001321	1	1	1	3
OG0001322	1	1	1	3
OG0001323	1	1	1	3
OG0001324	1	1	1	3
OG0001325	1	1	1	3
OG0001326	1	1	1	3
OG0001327	1	1	1	3
OG0001328	1	1	1	3
OG0001329	1	1	1	3
OG0001330	1	1	1	3
OG0001331	1	1	1	3
OG0001332	1	1	1	3
OG0001333	1	1	1	3
OG0001334	1	1	1	3
OG0001335	1	1	1	3
OG0001336	1	1	1	3
OG0001337	1	1	1	3
OG0001338	1	1	1	3
OG0001339	1	1	1	3
OG0001340	1	1	1	3
OG0001341	1	1	1	3
OG0001342	1	1	1	3
OG0001343	1	1	1	3
OG0001344	1	1	1	3
OG0001345	1	1	1	3
OG0001346	1	1	1	3
OG0001347	1	1	1	3
OG0001348	1	1	1	3
OG0001349	1	1	1	3
OG0001350	1	1	1	3
OG0001351	1	1	1	3
OG0001352	1	1	1	3
OG0001353	1	1	1	3
OG0001354	1	1	1	3
OG0001355	1	1	1	3
OG0001356	1	1	1	3
OG0001357	1	1	1	3
OG0001358	1	1	1	3
OG0001359	1	1	1	3
OG0001360	1	1	1	3
OG0001361	1	1	1	3
OG0001362	1	1	1	3
OG0001363	1	1	1	3
OG0001364	1	1	1	3
OG0001365	1	1	1	3
OG0001366	1	1	1	3
OG0001367	1	1	1	3
OG0001368	1	1	1	3
OG0001369	1	1	1	3
OG0001370	1	1	1	3
OG0001371	1	1	1	3
OG0001372	1	1	1	3
OG0001373	1	1	1	3
OG0001374	1	1	1	3
OG0001375	1	1	1	3
OG0001376	1	1	1	3
OG0001377	1	1	1	3
OG0001378	1	1	1	3
OG0001379	1	1	1	3
OG0001380	1	1	1	3
OG0001381	1	1	1	3
OG0001382	1	1	1	3
OG0001383	1	1	1	3
OG0001384	1	1	1	3
OG0001385	1	1	1	3
OG0001386	1	1	1	3
OG0001387	1	1	1	3
OG0001388	1	1	1	3
OG0001389	1	1	1	3
OG0001390	1	1	1	3
OG0001391	1	1	1	3
OG0001392	1	1	1	3
OG0001393	1	2	0	3
OG0001394	1	1	1	3
OG0001395	1	1	1	3
OG0001396	1	1	1	3
OG0001397	1	1	1	3
OG0001398	1	1	1	3
OG0001399	1	1	1	3
OG0001400	1	1	1	3
OG0001401	1	1	1	3
OG0001402	1	1	1	3
OG0001403	1	1	1	3
OG0001404	1	1	1	3
OG0001405	1	1	1	3
OG0001406	1	1	1	3
OG0001407	1	1	1	3
OG0001408	1	1	1	3
OG0001409	1	1	1	3
OG0001410	1	1	1	3
OG0001411	1	1	1	3
OG0001412	1	1	1	3
OG0001413	1	1	1	3
OG0001414	1	1	1	3
OG0001415	1	1	1	3
OG0001416	1	1	1	3
OG0001417	1	1	1	3
OG0001418	1	1	1	3
OG0001419	1	1	1	3
OG0001420	1	1	1	3
OG0001421	1	1	1	3
OG0001422	1	1	1	3
OG0001423	1	1	1	3
OG0001424	1	1	1	3
OG0001425	1	1	1	3
OG0001426	1	1	1	3
OG0001427	1	1	1	3
OG0001428	1	1	1	3
OG0001429	1	1	1	3
OG0001430	1	1	1	3
OG0001431	1	1	1	3
OG0001432	1	2	0	3
OG0001433	1	1	1	3
OG0001434	1	1	1	3
OG0001435	1	2	0	3
OG0001436	1	1	1	3
OG0001437	1	1	1	3
OG0001438	1	1	1	3
OG0001439	1	1	1	3
OG0001440	1	1	1	3
OG0001441	1	1	1	3
OG0001442	1	1	1	3
OG0001443	1	1	1	3
OG0001444	1	1	1	3
OG0001445	1	1	1	3
OG0001446	1	1	1	3
OG0001447	1	1	1	3
OG0001448	1	1	1	3
OG0001449	1	1	1	3
OG0001450	2	1	0	3
OG0001451	1	1	1	3
OG0001452	1	1	1	3
OG0001453	1	1	1	3
OG0001454	1	1	1	3
OG0001455	1	1	1	3
OG0001456	1	1	1	3
OG0001457	1	1	1	3
OG0001458	1	1	1	3
OG0001459	1	1	1	3
OG0001460	1	1	1	3
OG0001461	1	1	1	3
OG0001462	1	1	1	3
OG0001463	1	1	1	3
OG0001464	1	1	1	3
OG0001465	1	1	1	3
OG0001466	1	1	1	3
OG0001467	1	1	1	3
OG0001468	1	1	1	3
OG0001469	1	1	1	3
OG0001470	1	1	1	3
OG0001471	1	1	1	3
OG0001472	1	1	1	3
OG0001473	1	1	1	3
OG0001474	1	1	1	3
OG0001475	1	1	1	3
OG0001476	1	1	1	3
OG0001477	1	1	1	3
OG0001478	1	1	1	3
OG0001479	1	1	1	3
OG0001480	1	1	1	3
OG0001481	1	1	1	3
OG0001482	1	1	1	3
OG0001483	1	1	1	3
OG0001484	1	1	1	3
OG0001485	1	1	1	3
OG0001486	1	1	1	3
OG0001487	1	1	1	3
OG0001488	1	1	1	3
OG0001489	1	1	1	3
OG0001490	1	1	1	3
OG0001491	1	1	1	3
OG0001492	1	1	1	3
OG0001493	1	1	1	3
OG0001494	1	1	1	3
OG0001495	1	1	1	3
OG0001496	1	1	1	3
OG0001497	1	1	1	3
OG0001498	1	1	1	3
OG0001499	1	1	1	3
OG0001500	1	1	1	3
OG0001501	1	1	1	3
OG0001502	1	1	1	3
OG0001503	1	1	1	3
OG0001504	1	1	1	3
OG0001505	1	1	1	3
OG0001506	1	1	1	3
OG0001507	1	1	1	3
OG0001508	1	1	1	3
OG0001509	1	1	1	3
OG0001510	1	1	1	3
OG0001511	1	1	1	3
OG0001512	1	1	1	3
OG0001513	1	1	1	3
OG0001514	1	1	1	3
OG0001515	1	1	1	3
OG0001516	1	1	1	3
OG0001517	1	1	1	3
OG0001518	1	1	1	3
OG0001519	1	1	1	3
OG0001520	1	1	1	3
OG0001521	1	1	1	3
OG0001522	1	1	1	3
OG0001523	1	1	1	3
OG0001524	1	1	1	3
OG0001525	1	1	1	3
OG0001526	1	1	1	3
OG0001527	1	1	1	3
OG0001528	1	1	1	3
OG0001529	1	1	1	3
OG0001530	1	1	1	3
OG0001531	1	1	1	3
OG0001532	1	1	1	3
OG0001533	1	1	1	3
OG0001534	1	1	1	3
OG0001535	1	1	1	3
OG0001536	1	1	1	3
OG0001537	1	1	1	3
OG0001538	1	1	1	3
OG0001539	1	1	1	3
OG0001540	1	1	1	3
OG0001541	1	1	1	3
OG0001542	1	1	1	3
OG0001543	1	1	1	3
OG0001544	1	1	1	3
OG0001545	1	1	1	3
OG0001546	1	1	1	3
OG0001547	1	1	1	3
OG0001548	1	1	1	3
OG0001549	1	1	1	3
OG0001550	1	1	1	3
OG0001551	1	1	1	3
OG0001552	1	1	1	3
OG0001553	1	1	1	3
OG0001554	1	1	1	3
OG0001555	1	1	1	3
OG0001556	1	1	1	3
OG0001557	1	1	1	3
OG0001558	1	1	1	3
OG0001559	1	1	1	3
OG0001560	1	1	1	3
OG0001561	1	1	1	3
OG0001562	1	1	1	3
OG0001563	1	1	1	3
OG0001564	1	1	1	3
OG0001565	1	1	1	3
OG0001566	1	1	1	3
OG0001567	1	1	1	3
OG0001568	1	1	1	3
OG0001569	1	1	1	3
OG0001570	1	1	1	3
OG0001571	1	1	1	3
OG0001572	1	1	1	3
OG0001573	1	1	1	3
OG0001574	1	1	1	3
OG0001575	1	1	1	3
OG0001576	1	1	1	3
OG0001577	1	1	1	3
OG0001578	1	1	1	3
OG0001579	1	1	1	3
OG0001580	1	1	1	3
OG0001581	1	1	1	3
OG0001582	1	1	1	3
OG0001583	1	1	1	3
OG0001584	1	1	1	3
OG0001585	1	1	1	3
OG0001586	1	1	1	3
OG0001587	1	1	1	3
OG0001588	1	1	1	3
OG0001589	1	1	1	3
OG0001590	1	1	1	3
OG0001591	1	1	1	3
OG0001592	1	1	1	3
OG0001593	1	1	1	3
OG0001594	1	1	1	3
OG0001595	1	1	1	3
OG0001596	1	1	1	3
OG0001597	1	1	1	3
OG0001598	1	1	1	3
OG0001599	1	1	1	3
OG0001600	1	1	1	3
OG0001601	1	1	1	3
OG0001602	1	1	1	3
OG0001603	1	1	1	3
OG0001604	1	1	1	3
OG0001605	1	1	1	3
OG0001606	1	1	1	3
OG0001607	1	1	1	3
OG0001608	1	1	1	3
OG0001609	1	1	1	3
OG0001610	1	1	1	3
OG0001611	1	1	1	3
OG0001612	1	1	1	3
OG0001613	1	1	1	3
OG0001614	1	1	1	3
OG0001615	2	1	0	3
OG0001616	1	1	1	3
OG0001617	1	1	1	3
OG0001618	1	1	1	3
OG0001619	1	1	1	3
OG0001620	1	1	1	3
OG0001621	1	1	1	3
OG0001622	1	1	1	3
OG0001623	1	1	1	3
OG0001624	1	1	1	3
OG0001625	1	1	1	3
OG0001626	1	1	1	3
OG0001627	1	1	1	3
OG0001628	1	2	0	3
OG0001629	1	1	1	3
OG0001630	1	1	1	3
OG0001631	1	1	1	3
OG0001632	1	1	1	3
OG0001633	1	1	1	3
OG0001634	1	1	1	3
OG0001635	1	1	1	3
OG0001636	1	1	1	3
OG0001637	1	1	1	3
OG0001638	1	1	1	3
OG0001639	1	1	1	3
OG0001640	1	1	1	3
OG0001641	1	1	1	3
OG0001642	1	1	1	3
OG0001643	1	1	1	3
OG0001644	1	1	1	3
OG0001645	1	1	1	3
OG0001646	1	1	1	3
OG0001647	1	1	1	3
OG0001648	1	1	1	3
OG0001649	2	1	0	3
OG0001650	1	1	1	3
OG0001651	1	1	1	3
OG0001652	1	1	1	3
OG0001653	1	1	1	3
OG0001654	1	1	1	3
OG0001655	1	1	1	3
OG0001656	1	1	1	3
OG0001657	1	1	1	3
OG0001658	1	1	1	3
OG0001659	1	1	1	3
OG0001660	1	1	1	3
OG0001661	1	1	1	3
OG0001662	1	1	1	3
OG0001663	1	1	1	3
OG0001664	1	1	1	3
OG0001665	1	1	1	3
OG0001666	1	1	1	3
OG0001667	1	1	1	3
OG0001668	1	1	1	3
OG0001669	1	1	1	3
OG0001670	1	1	1	3
OG0001671	1	1	1	3
OG0001672	1	1	1	3
OG0001673	1	1	1	3
OG0001674	1	1	1	3
OG0001675	1	1	1	3
OG0001676	1	1	1	3
OG0001677	1	1	1	3
OG0001678	1	1	1	3
OG0001679	1	1	1	3
OG0001680	1	1	1	3
OG0001681	1	1	1	3
OG0001682	1	1	1	3
OG0001683	1	1	1	3
OG0001684	1	1	1	3
OG0001685	1	1	1	3
OG0001686	1	1	1	3
OG0001687	1	1	1	3
OG0001688	1	1	1	3
OG0001689	1	1	1	3
OG0001690	1	1	1	3
OG0001691	1	1	1	3
OG0001692	1	1	1	3
OG0001693	1	1	1	3
OG0001694	1	1	1	3
OG0001695	1	2	0	3
OG0001696	1	1	1	3
OG0001697	1	1	1	3
OG0001698	1	1	1	3
OG0001699	1	1	1	3
OG0001700	1	1	1	3
OG0001701	1	1	1	3
OG0001702	1	1	1	3
OG0001703	1	1	1	3
OG0001704	1	1	1	3
OG0001705	1	1	1	3
OG0001706	1	1	1	3
OG0001707	1	1	1	3
OG0001708	1	1	1	3
OG0001709	1	1	1	3
OG0001710	1	1	1	3
OG0001711	1	1	1	3
OG0001712	1	1	1	3
OG0001713	1	1	1	3
OG0001714	1	1	1	3
OG0001715	1	1	1	3
OG0001716	1	1	1	3
OG0001717	1	1	1	3
OG0001718	1	1	1	3
OG0001719	1	1	1	3
OG0001720	1	1	1	3
OG0001721	1	1	1	3
OG0001722	1	1	1	3
OG0001723	1	1	1	3
OG0001724	1	1	1	3
OG0001725	1	1	1	3
OG0001726	1	1	1	3
OG0001727	1	1	1	3
OG0001728	1	1	1	3
OG0001729	1	1	1	3
OG0001730	1	1	1	3
OG0001731	1	1	1	3
OG0001732	1	1	1	3
OG0001733	1	1	1	3
OG0001734	1	1	1	3
OG0001735	1	1	1	3
OG0001736	1	1	1	3
OG0001737	1	1	1	3
OG0001738	1	1	1	3
OG0001739	1	1	1	3
OG0001740	1	1	1	3
OG0001741	1	1	1	3
OG0001742	1	1	1	3
OG0001743	1	1	1	3
OG0001744	1	1	1	3
OG0001745	1	1	1	3
OG0001746	1	1	1	3
OG0001747	1	1	1	3
OG0001748	1	1	1	3
OG0001749	1	1	1	3
OG0001750	1	1	1	3
OG0001751	1	1	1	3
OG0001752	1	1	1	3
OG0001753	1	1	1	3
OG0001754	1	1	1	3
OG0001755	1	1	1	3
OG0001756	1	0	2	3
OG0001757	1	1	1	3
OG0001758	1	1	1	3
OG0001759	1	1	1	3
OG0001760	1	1	1	3
OG0001761	1	1	1	3
OG0001762	1	1	1	3
OG0001763	1	1	1	3
OG0001764	1	0	2	3
OG0001765	1	1	1	3
OG0001766	1	1	1	3
OG0001767	1	1	1	3
OG0001768	1	1	1	3
OG0001769	1	1	1	3
OG0001770	1	1	1	3
OG0001771	1	1	1	3
OG0001772	1	1	1	3
OG0001773	1	1	1	3
OG0001774	1	1	1	3
OG0001775	1	1	1	3
OG0001776	1	1	1	3
OG0001777	1	1	1	3
OG0001778	1	1	1	3
OG0001779	1	1	1	3
OG0001780	1	1	1	3
OG0001781	1	1	1	3
OG0001782	1	1	1	3
OG0001783	1	1	1	3
OG0001784	1	1	1	3
OG0001785	1	1	1	3
OG0001786	1	1	1	3
OG0001787	1	1	1	3
OG0001788	1	1	1	3
OG0001789	1	1	1	3
OG0001790	1	1	1	3
OG0001791	1	1	1	3
OG0001792	1	1	1	3
OG0001793	1	1	1	3
OG0001794	1	1	1	3
OG0001795	1	1	1	3
OG0001796	1	1	1	3
OG0001797	1	1	1	3
OG0001798	1	1	1	3
OG0001799	1	1	1	3
OG0001800	1	1	1	3
OG0001801	1	1	1	3
OG0001802	1	1	1	3
OG0001803	1	1	1	3
OG0001804	1	1	1	3
OG0001805	1	1	1	3
OG0001806	1	1	1	3
OG0001807	1	1	1	3
OG0001808	1	1	1	3
OG0001809	1	1	1	3
OG0001810	1	1	1	3
OG0001811	1	1	1	3
OG0001812	1	1	1	3
OG0001813	1	1	1	3
OG0001814	1	1	1	3
OG0001815	1	1	1	3
OG0001816	1	1	1	3
OG0001817	1	1	1	3
OG0001818	1	1	1	3
OG0001819	1	1	1	3
OG0001820	1	1	1	3
OG0001821	1	1	1	3
OG0001822	1	1	1	3
OG0001823	1	1	1	3
OG0001824	1	1	1	3
OG0001825	1	1	1	3
OG0001826	1	1	1	3
OG0001827	1	1	1	3
OG0001828	1	1	1	3
OG0001829	1	1	1	3
OG0001830	1	1	1	3
OG0001831	1	2	0	3
OG0001832	1	1	1	3
OG0001833	1	1	1	3
OG0001834	1	1	1	3
OG0001835	1	1	1	3
OG0001836	1	1	1	3
OG0001837	1	1	1	3
OG0001838	1	1	1	3
OG0001839	1	1	1	3
OG0001840	1	1	1	3
OG0001841	1	1	1	3
OG0001842	1	1	1	3
OG0001843	1	1	1	3
OG0001844	1	1	1	3
OG0001845	1	1	1	3
OG0001846	1	1	1	3
OG0001847	1	1	1	3
OG0001848	1	1	1	3
OG0001849	1	1	1	3
OG0001850	1	1	1	3
OG0001851	1	1	1	3
OG0001852	1	1	1	3
OG0001853	1	1	1	3
OG0001854	1	1	1	3
OG0001855	1	1	1	3
OG0001856	1	1	1	3
OG0001857	1	1	1	3
OG0001858	1	1	1	3
OG0001859	1	1	1	3
OG0001860	1	1	1	3
OG0001861	1	1	1	3
OG0001862	1	1	1	3
OG0001863	1	1	1	3
OG0001864	1	1	1	3
OG0001865	1	1	1	3
OG0001866	1	1	1	3
OG0001867	1	1	1	3
OG0001868	1	1	1	3
OG0001869	1	1	1	3
OG0001870	1	1	1	3
OG0001871	1	1	1	3
OG0001872	1	1	1	3
OG0001873	1	1	1	3
OG0001874	1	1	1	3
OG0001875	1	1	1	3
OG0001876	1	1	1	3
OG0001877	1	1	1	3
OG0001878	1	1	1	3
OG0001879	1	1	1	3
OG0001880	1	1	1	3
OG0001881	1	1	1	3
OG0001882	1	1	1	3
OG0001883	1	1	1	3
OG0001884	1	1	1	3
OG0001885	1	1	1	3
OG0001886	1	1	1	3
OG0001887	1	1	1	3
OG0001888	1	1	1	3
OG0001889	1	1	1	3
OG0001890	1	1	1	3
OG0001891	1	1	1	3
OG0001892	1	1	1	3
OG0001893	1	1	1	3
OG0001894	1	1	1	3
OG0001895	1	1	1	3
OG0001896	1	1	1	3
OG0001897	1	1	1	3
OG0001898	1	1	1	3
OG0001899	1	1	1	3
OG0001900	1	1	1	3
OG0001901	1	1	1	3
OG0001902	1	1	1	3
OG0001903	1	1	1	3
OG0001904	1	1	1	3
OG0001905	1	1	1	3
OG0001906	1	1	1	3
OG0001907	1	1	1	3
OG0001908	1	1	1	3
OG0001909	1	1	1	3
OG0001910	1	1	1	3
OG0001911	1	1	1	3
OG0001912	1	1	1	3
OG0001913	1	1	1	3
OG0001914	1	1	1	3
OG0001915	1	1	1	3
OG0001916	1	1	1	3
OG0001917	1	1	1	3
OG0001918	1	1	1	3
OG0001919	1	1	1	3
OG0001920	1	1	1	3
OG0001921	1	1	1	3
OG0001922	1	1	1	3
OG0001923	1	1	1	3
OG0001924	1	1	1	3
OG0001925	1	1	1	3
OG0001926	1	1	1	3
OG0001927	1	1	1	3
OG0001928	1	1	1	3
OG0001929	1	1	1	3
OG0001930	1	1	1	3
OG0001931	1	1	1	3
OG0001932	1	1	1	3
OG0001933	1	1	1	3
OG0001934	1	1	1	3
OG0001935	1	1	1	3
OG0001936	1	1	1	3
OG0001937	1	1	1	3
OG0001938	1	1	1	3
OG0001939	1	1	1	3
OG0001940	1	1	1	3
OG0001941	1	1	1	3
OG0001942	1	1	1	3
OG0001943	1	1	1	3
OG0001944	1	1	1	3
OG0001945	1	1	1	3
OG0001946	1	1	1	3
OG0001947	1	1	1	3
OG0001948	2	0	1	3
OG0001949	1	1	1	3
OG0001950	1	1	1	3
OG0001951	1	1	1	3
OG0001952	1	1	1	3
OG0001953	1	1	1	3
OG0001954	1	1	1	3
OG0001955	1	1	1	3
OG0001956	1	1	1	3
OG0001957	1	1	1	3
OG0001958	1	1	1	3
OG0001959	1	1	1	3
OG0001960	1	1	1	3
OG0001961	1	1	1	3
OG0001962	1	1	1	3
OG0001963	1	2	0	3
OG0001964	1	1	1	3
OG0001965	1	1	1	3
OG0001966	1	1	1	3
OG0001967	1	1	1	3
OG0001968	1	1	1	3
OG0001969	1	1	1	3
OG0001970	1	1	1	3
OG0001971	1	1	1	3
OG0001972	1	1	1	3
OG0001973	1	1	1	3
OG0001974	1	1	1	3
OG0001975	1	1	1	3
OG0001976	1	1	1	3
OG0001977	1	1	1	3
OG0001978	1	1	1	3
OG0001979	1	1	1	3
OG0001980	1	1	1	3
OG0001981	1	1	1	3
OG0001982	1	1	1	3
OG0001983	1	1	1	3
OG0001984	1	1	1	3
OG0001985	1	1	1	3
OG0001986	1	1	1	3
OG0001987	1	1	1	3
OG0001988	1	1	1	3
OG0001989	1	1	1	3
OG0001990	1	1	1	3
OG0001991	1	1	1	3
OG0001992	1	1	1	3
OG0001993	1	1	1	3
OG0001994	1	1	1	3
OG0001995	1	1	1	3
OG0001996	1	1	1	3
OG0001997	1	1	1	3
OG0001998	1	1	1	3
OG0001999	1	1	1	3
OG0002000	1	1	1	3
OG0002001	1	1	1	3
OG0002002	1	1	1	3
OG0002003	1	1	1	3
OG0002004	1	1	1	3
OG0002005	1	1	1	3
OG0002006	1	1	1	3
OG0002007	1	1	1	3
OG0002008	1	1	1	3
OG0002009	1	1	1	3
OG0002010	1	1	1	3
OG0002011	1	1	1	3
OG0002012	1	1	1	3
OG0002013	1	1	1	3
OG0002014	1	1	1	3
OG0002015	1	1	1	3
OG0002016	1	1	1	3
OG0002017	1	1	1	3
OG0002018	1	1	1	3
OG0002019	1	1	1	3
OG0002020	1	1	1	3
OG0002021	1	1	1	3
OG0002022	1	1	1	3
OG0002023	1	1	1	3
OG0002024	1	1	1	3
OG0002025	1	1	1	3
OG0002026	1	1	1	3
OG0002027	1	1	1	3
OG0002028	1	1	1	3
OG0002029	1	1	1	3
OG0002030	1	1	1	3
OG0002031	1	1	1	3
OG0002032	1	1	1	3
OG0002033	1	1	1	3
OG0002034	1	1	1	3
OG0002035	1	1	1	3
OG0002036	1	1	1	3
OG0002037	1	1	1	3
OG0002038	1	1	1	3
OG0002039	1	1	1	3
OG0002040	1	1	1	3
OG0002041	1	1	1	3
OG0002042	1	1	1	3
OG0002043	1	1	1	3
OG0002044	1	1	1	3
OG0002045	1	1	1	3
OG0002046	1	1	1	3
OG0002047	1	1	1	3
OG0002048	1	1	1	3
OG0002049	1	1	1	3
OG0002050	1	1	1	3
OG0002051	1	1	1	3
OG0002052	1	1	1	3
OG0002053	1	1	1	3
OG0002054	1	1	1	3
OG0002055	1	1	1	3
OG0002056	1	1	1	3
OG0002057	1	1	1	3
OG0002058	1	1	1	3
OG0002059	1	1	1	3
OG0002060	1	1	1	3
OG0002061	1	1	1	3
OG0002062	1	1	1	3
OG0002063	1	1	1	3
OG0002064	1	1	1	3
OG0002065	1	1	1	3
OG0002066	1	1	1	3
OG0002067	1	1	1	3
OG0002068	1	1	1	3
OG0002069	1	1	1	3
OG0002070	1	1	1	3
OG0002071	1	1	1	3
OG0002072	1	1	1	3
OG0002073	1	1	1	3
OG0002074	1	1	1	3
OG0002075	1	1	1	3
OG0002076	1	1	1	3
OG0002077	1	1	1	3
OG0002078	1	1	1	3
OG0002079	1	1	1	3
OG0002080	1	1	1	3
OG0002081	1	1	1	3
OG0002082	1	1	1	3
OG0002083	1	1	1	3
OG0002084	1	1	1	3
OG0002085	1	1	1	3
OG0002086	1	1	1	3
OG0002087	1	1	1	3
OG0002088	1	1	1	3
OG0002089	1	1	1	3
OG0002090	1	1	1	3
OG0002091	1	1	1	3
OG0002092	1	1	1	3
OG0002093	1	1	1	3
OG0002094	1	1	1	3
OG0002095	1	1	1	3
OG0002096	1	1	1	3
OG0002097	1	2	0	3
OG0002098	1	1	1	3
OG0002099	1	1	1	3
OG0002100	1	1	1	3
OG0002101	1	1	1	3
OG0002102	1	1	1	3
OG0002103	1	1	1	3
OG0002104	1	1	1	3
OG0002105	1	2	0	3
OG0002106	1	2	0	3
OG0002107	0	2	1	3
OG0002108	0	2	1	3
OG0002109	0	2	1	3
OG0002110	0	2	1	3
OG0002111	0	2	1	3
OG0002112	0	1	2	3
OG0002113	0	2	1	3
OG0002114	0	2	1	3
OG0002115	0	2	1	3
OG0002116	0	2	1	3
OG0002117	0	2	1	3
OG0002118	0	2	1	3
OG0002119	0	1	2	3
OG0002120	0	2	1	3
OG0002121	0	2	1	3
OG0002122	0	1	2	3
OG0002123	0	2	1	3
OG0002124	0	2	1	3
OG0002125	0	2	1	3
OG0002126	0	1	2	3
OG0002127	0	2	1	3
OG0002128	0	2	1	3
OG0002129	0	2	1	3
OG0002130	0	2	1	3
OG0002131	0	2	1	3
OG0002132	0	2	1	3
OG0002133	0	2	1	3
OG0002134	0	2	1	3
OG0002135	0	2	1	3
OG0002136	0	2	1	3
OG0002137	0	2	1	3
OG0002138	0	2	1	3
OG0002139	0	1	2	3
OG0002140	0	2	1	3
OG0002141	0	2	1	3
OG0002142	0	2	1	3
OG0002143	0	2	1	3
OG0002144	0	2	1	3
OG0002145	0	2	1	3
OG0002146	0	2	1	3
OG0002147	0	3	0	3
OG0002148	0	2	1	3
OG0002149	0	2	1	3
OG0002150	0	2	1	3
OG0002151	0	2	1	3
OG0002152	0	1	2	3
OG0002153	0	2	1	3
OG0002154	0	2	1	3
OG0002155	0	2	1	3
OG0002156	0	1	2	3
OG0002157	0	2	1	3
OG0002158	0	2	1	3
OG0002159	0	1	2	3
OG0002160	0	2	1	3
OG0002161	0	2	1	3
OG0002162	0	1	2	3
OG0002163	0	2	1	3
OG0002164	0	2	1	3
OG0002165	0	2	1	3
OG0002166	0	1	2	3
OG0002167	0	2	1	3
OG0002168	0	2	1	3
OG0002169	1	0	1	2
OG0002170	1	1	0	2
OG0002171	1	0	1	2
OG0002172	1	1	0	2
OG0002173	1	0	1	2
OG0002174	1	0	1	2
OG0002175	1	1	0	2
OG0002176	1	0	1	2
OG0002177	1	1	0	2
OG0002178	1	0	1	2
OG0002179	1	1	0	2
OG0002180	1	0	1	2
OG0002181	1	1	0	2
OG0002182	1	0	1	2
OG0002183	1	0	1	2
OG0002184	1	0	1	2
OG0002185	1	0	1	2
OG0002186	1	1	0	2
OG0002187	1	1	0	2
OG0002188	1	0	1	2
OG0002189	1	0	1	2
OG0002190	1	1	0	2
OG0002191	1	0	1	2
OG0002192	1	1	0	2
OG0002193	1	0	1	2
OG0002194	1	0	1	2
OG0002195	1	0	1	2
OG0002196	1	1	0	2
OG0002197	1	1	0	2
OG0002198	1	0	1	2
OG0002199	1	1	0	2
OG0002200	1	1	0	2
OG0002201	1	1	0	2
OG0002202	1	1	0	2
OG0002203	1	0	1	2
OG0002204	1	0	1	2
OG0002205	1	1	0	2
OG0002206	1	0	1	2
OG0002207	1	0	1	2
OG0002208	1	0	1	2
OG0002209	1	1	0	2
OG0002210	1	1	0	2
OG0002211	1	1	0	2
OG0002212	1	1	0	2
OG0002213	1	0	1	2
OG0002214	1	0	1	2
OG0002215	1	0	1	2
OG0002216	1	0	1	2
OG0002217	1	0	1	2
OG0002218	1	0	1	2
OG0002219	1	1	0	2
OG0002220	1	0	1	2
OG0002221	1	0	1	2
OG0002222	1	0	1	2
OG0002223	1	0	1	2
OG0002224	1	0	1	2
OG0002225	1	0	1	2
OG0002226	1	0	1	2
OG0002227	1	1	0	2
OG0002228	1	1	0	2
OG0002229	1	1	0	2
OG0002230	1	0	1	2
OG0002231	1	1	0	2
OG0002232	1	0	1	2
OG0002233	1	1	0	2
OG0002234	1	1	0	2
OG0002235	1	1	0	2
OG0002236	1	1	0	2
OG0002237	1	1	0	2
OG0002238	1	0	1	2
OG0002239	1	1	0	2
OG0002240	1	1	0	2
OG0002241	1	1	0	2
OG0002242	1	1	0	2
OG0002243	1	0	1	2
OG0002244	1	1	0	2
OG0002245	1	0	1	2
OG0002246	1	1	0	2
OG0002247	1	1	0	2
OG0002248	1	1	0	2
OG0002249	1	1	0	2
OG0002250	1	1	0	2
OG0002251	1	1	0	2
OG0002252	1	0	1	2
OG0002253	1	1	0	2
OG0002254	1	0	1	2
OG0002255	1	0	1	2
OG0002256	1	1	0	2
OG0002257	1	1	0	2
OG0002258	1	0	1	2
OG0002259	1	0	1	2
OG0002260	1	1	0	2
OG0002261	1	0	1	2
OG0002262	1	1	0	2
OG0002263	1	1	0	2
OG0002264	1	0	1	2
OG0002265	1	1	0	2
OG0002266	1	0	1	2
OG0002267	1	0	1	2
OG0002268	1	1	0	2
OG0002269	1	1	0	2
OG0002270	1	0	1	2
OG0002271	1	1	0	2
OG0002272	1	0	1	2
OG0002273	1	1	0	2
OG0002274	1	1	0	2
OG0002275	1	1	0	2
OG0002276	1	1	0	2
OG0002277	1	1	0	2
OG0002278	1	0	1	2
OG0002279	1	0	1	2
OG0002280	1	0	1	2
OG0002281	1	1	0	2
OG0002282	1	0	1	2
OG0002283	1	0	1	2
OG0002284	1	1	0	2
OG0002285	1	1	0	2
OG0002286	1	0	1	2
OG0002287	1	0	1	2
OG0002288	1	1	0	2
OG0002289	1	1	0	2
OG0002290	1	1	0	2
OG0002291	1	1	0	2
OG0002292	1	1	0	2
OG0002293	1	0	1	2
OG0002294	1	0	1	2
OG0002295	1	1	0	2
OG0002296	1	0	1	2
OG0002297	1	0	1	2
OG0002298	1	0	1	2
OG0002299	1	0	1	2
OG0002300	1	0	1	2
OG0002301	1	1	0	2
OG0002302	1	0	1	2
OG0002303	1	0	1	2
OG0002304	1	0	1	2
OG0002305	1	0	1	2
OG0002306	1	0	1	2
OG0002307	1	1	0	2
OG0002308	1	0	1	2
OG0002309	1	0	1	2
OG0002310	1	1	0	2
OG0002311	1	1	0	2
OG0002312	1	1	0	2
OG0002313	1	0	1	2
OG0002314	1	0	1	2
OG0002315	1	1	0	2
OG0002316	1	0	1	2
OG0002317	1	0	1	2
OG0002318	1	0	1	2
OG0002319	1	1	0	2
OG0002320	1	1	0	2
OG0002321	1	0	1	2
OG0002322	1	1	0	2
OG0002323	1	0	1	2
OG0002324	1	1	0	2
OG0002325	1	1	0	2
OG0002326	1	1	0	2
OG0002327	1	1	0	2
OG0002328	1	0	1	2
OG0002329	1	1	0	2
OG0002330	1	1	0	2
OG0002331	1	1	0	2
OG0002332	1	0	1	2
OG0002333	1	1	0	2
OG0002334	1	0	1	2
OG0002335	1	1	0	2
OG0002336	1	1	0	2
OG0002337	1	1	0	2
OG0002338	1	0	1	2
OG0002339	1	1	0	2
OG0002340	1	0	1	2
OG0002341	1	1	0	2
OG0002342	1	0	1	2
OG0002343	1	0	1	2
OG0002344	1	0	1	2
OG0002345	1	0	1	2
OG0002346	1	0	1	2
OG0002347	1	0	1	2
OG0002348	1	1	0	2
OG0002349	1	1	0	2
OG0002350	1	0	1	2
OG0002351	1	1	0	2
OG0002352	1	0	1	2
OG0002353	1	0	1	2
OG0002354	1	1	0	2
OG0002355	1	0	1	2
OG0002356	1	1	0	2
OG0002357	1	1	0	2
OG0002358	1	0	1	2
OG0002359	1	1	0	2
OG0002360	1	0	1	2
OG0002361	1	0	1	2
OG0002362	1	0	1	2
OG0002363	1	0	1	2
OG0002364	1	0	1	2
OG0002365	1	0	1	2
OG0002366	1	0	1	2
OG0002367	1	0	1	2
OG0002368	1	1	0	2
OG0002369	1	1	0	2
OG0002370	1	1	0	2
OG0002371	1	0	1	2
OG0002372	1	0	1	2
OG0002373	1	0	1	2
OG0002374	1	0	1	2
OG0002375	1	1	0	2
OG0002376	1	1	0	2
OG0002377	1	0	1	2
OG0002378	1	1	0	2
OG0002379	1	1	0	2
OG0002380	1	1	0	2
OG0002381	1	0	1	2
OG0002382	1	1	0	2
OG0002383	1	0	1	2
OG0002384	1	1	0	2
OG0002385	1	1	0	2
OG0002386	1	1	0	2
OG0002387	1	1	0	2
OG0002388	1	0	1	2
OG0002389	1	1	0	2
OG0002390	1	1	0	2
OG0002391	1	1	0	2
OG0002392	1	0	1	2
OG0002393	1	0	1	2
OG0002394	1	1	0	2
OG0002395	1	1	0	2
OG0002396	1	0	1	2
OG0002397	1	1	0	2
OG0002398	1	1	0	2
OG0002399	1	1	0	2
OG0002400	1	0	1	2
OG0002401	1	1	0	2
OG0002402	1	1	0	2
OG0002403	1	1	0	2
OG0002404	1	1	0	2
OG0002405	1	0	1	2
OG0002406	1	0	1	2
OG0002407	1	0	1	2
OG0002408	1	0	1	2
OG0002409	1	1	0	2
OG0002410	1	1	0	2
OG0002411	1	1	0	2
OG0002412	1	0	1	2
OG0002413	1	0	1	2
OG0002414	1	0	1	2
OG0002415	1	1	0	2
OG0002416	1	1	0	2
OG0002417	1	0	1	2
OG0002418	1	0	1	2
OG0002419	1	0	1	2
OG0002420	1	1	0	2
OG0002421	1	1	0	2
OG0002422	1	0	1	2
OG0002423	1	1	0	2
OG0002424	1	0	1	2
OG0002425	1	1	0	2
OG0002426	1	1	0	2
OG0002427	1	1	0	2
OG0002428	1	0	1	2
OG0002429	1	1	0	2
OG0002430	1	1	0	2
OG0002431	1	1	0	2
OG0002432	1	0	1	2
OG0002433	1	1	0	2
OG0002434	1	1	0	2
OG0002435	1	0	1	2
OG0002436	1	0	1	2
OG0002437	1	1	0	2
OG0002438	1	1	0	2
OG0002439	1	0	1	2
OG0002440	1	0	1	2
OG0002441	1	1	0	2
OG0002442	1	0	1	2
OG0002443	1	1	0	2
OG0002444	1	1	0	2
OG0002445	1	0	1	2
OG0002446	1	0	1	2
OG0002447	1	1	0	2
OG0002448	1	0	1	2
OG0002449	1	1	0	2
OG0002450	1	1	0	2
OG0002451	1	0	1	2
OG0002452	1	1	0	2
OG0002453	1	1	0	2
OG0002454	1	0	1	2
OG0002455	1	0	1	2
OG0002456	1	1	0	2
OG0002457	1	0	1	2
OG0002458	1	1	0	2
OG0002459	1	1	0	2
OG0002460	1	0	1	2
OG0002461	1	1	0	2
OG0002462	1	1	0	2
OG0002463	1	0	1	2
OG0002464	1	1	0	2
OG0002465	1	0	1	2
OG0002466	1	0	1	2
OG0002467	1	1	0	2
OG0002468	1	0	1	2
OG0002469	1	1	0	2
OG0002470	1	1	0	2
OG0002471	1	0	1	2
OG0002472	1	1	0	2
OG0002473	1	1	0	2
OG0002474	1	1	0	2
OG0002475	1	1	0	2
OG0002476	1	1	0	2
OG0002477	1	0	1	2
OG0002478	1	0	1	2
OG0002479	1	1	0	2
OG0002480	1	1	0	2
OG0002481	1	0	1	2
OG0002482	1	0	1	2
OG0002483	1	0	1	2
OG0002484	1	0	1	2
OG0002485	1	0	1	2
OG0002486	1	0	1	2
OG0002487	1	0	1	2
OG0002488	1	0	1	2
OG0002489	1	0	1	2
OG0002490	1	0	1	2
OG0002491	1	1	0	2
OG0002492	1	1	0	2
OG0002493	1	1	0	2
OG0002494	1	1	0	2
OG0002495	1	1	0	2
OG0002496	1	1	0	2
OG0002497	1	1	0	2
OG0002498	1	1	0	2
OG0002499	1	1	0	2
OG0002500	1	1	0	2
OG0002501	1	0	1	2
OG0002502	1	1	0	2
OG0002503	1	0	1	2
OG0002504	1	0	1	2
OG0002505	1	1	0	2
OG0002506	0	1	1	2
OG0002507	0	1	1	2
OG0002508	0	1	1	2
OG0002509	0	1	1	2
OG0002510	0	1	1	2
OG0002511	0	1	1	2
OG0002512	0	1	1	2
OG0002513	0	1	1	2
OG0002514	0	1	1	2
OG0002515	0	1	1	2
OG0002516	0	1	1	2
OG0002517	0	1	1	2
OG0002518	0	1	1	2
OG0002519	0	1	1	2
OG0002520	0	1	1	2
OG0002521	0	1	1	2
OG0002522	0	1	1	2
OG0002523	0	1	1	2
OG0002524	0	1	1	2
OG0002525	0	1	1	2
OG0002526	0	1	1	2
OG0002527	0	1	1	2
OG0002528	0	1	1	2
OG0002529	0	1	1	2
OG0002530	0	1	1	2
OG0002531	0	1	1	2
OG0002532	0	1	1	2
OG0002533	0	1	1	2
OG0002534	0	1	1	2
OG0002535	0	1	1	2
OG0002536	0	1	1	2
OG0002537	0	1	1	2
OG0002538	0	1	1	2
OG0002539	0	1	1	2
OG0002540	0	1	1	2
OG0002541	0	1	1	2
OG0002542	0	1	1	2
OG0002543	0	1	1	2
OG0002544	0	1	1	2
OG0002545	0	1	1	2
OG0002546	0	1	1	2
OG0002547	0	1	1	2
OG0002548	0	1	1	2
OG0002549	0	1	1	2
OG0002550	0	1	1	2
OG0002551	0	1	1	2
OG0002552	0	1	1	2
OG0002553	0	1	1	2
OG0002554	0	1	1	2
OG0002555	0	1	1	2
OG0002556	0	1	1	2
OG0002557	0	1	1	2
OG0002558	0	1	1	2
OG0002559	0	1	1	2
OG0002560	0	1	1	2
OG0002561	0	1	1	2
OG0002562	0	1	1	2
OG0002563	0	1	1	2
OG0002564	0	1	1	2
OG0002565	0	1	1	2
OG0002566	0	1	1	2
OG0002567	0	1	1	2
OG0002568	0	1	1	2
OG0002569	0	1	1	2
OG0002570	0	1	1	2
OG0002571	0	1	1	2
OG0002572	0	1	1	2
OG0002573	0	1	1	2
OG0002574	0	1	1	2
OG0002575	0	1	1	2
OG0002576	0	1	1	2
OG0002577	0	1	1	2
OG0002578	0	1	1	2
OG0002579	0	1	1	2
OG0002580	0	1	1	2
OG0002581	0	1	1	2
OG0002582	0	1	1	2
OG0002583	0	1	1	2
OG0002584	0	1	1	2
OG0002585	0	1	1	2
OG0002586	0	1	1	2
OG0002587	0	1	1	2
OG0002588	0	1	1	2
OG0002589	0	1	1	2
OG0002590	0	1	1	2
OG0002591	0	1	1	2
OG0002592	0	1	1	2
OG0002593	0	1	1	2
OG0002594	0	1	1	2
OG0002595	0	1	1	2
OG0002596	0	1	1	2
OG0002597	0	1	1	2
OG0002598	0	1	1	2
OG0002599	0	1	1	2
OG0002600	0	1	1	2
OG0002601	0	1	1	2
OG0002602	0	1	1	2
OG0002603	0	1	1	2
OG0002604	0	1	1	2
OG0002605	0	1	1	2
OG0002606	0	1	1	2
OG0002607	0	1	1	2
OG0002608	0	1	1	2
OG0002609	0	1	1	2
OG0002610	0	1	1	2
OG0002611	0	1	1	2
OG0002612	0	1	1	2
OG0002613	0	1	1	2
OG0002614	0	1	1	2
OG0002615	0	1	1	2
OG0002616	0	1	1	2
OG0002617	0	1	1	2
OG0002618	0	1	1	2
OG0002619	0	1	1	2
OG0002620	0	1	1	2
OG0002621	0	1	1	2
OG0002622	0	1	1	2
OG0002623	0	1	1	2
OG0002624	0	1	1	2
OG0002625	0	1	1	2
OG0002626	0	1	1	2
OG0002627	0	1	1	2
OG0002628	0	1	1	2
OG0002629	0	1	1	2
OG0002630	0	1	1	2
OG0002631	0	1	1	2
OG0002632	0	1	1	2
OG0002633	0	1	1	2
OG0002634	0	1	1	2
OG0002635	0	1	1	2
OG0002636	0	1	1	2
OG0002637	0	1	1	2
OG0002638	0	1	1	2
OG0002639	0	1	1	2
OG0002640	0	1	1	2
OG0002641	0	1	1	2
OG0002642	0	1	1	2
OG0002643	0	1	1	2
OG0002644	0	1	1	2
OG0002645	0	1	1	2
OG0002646	0	1	1	2
OG0002647	0	1	1	2
OG0002648	0	1	1	2
OG0002649	0	1	1	2
OG0002650	0	1	1	2
OG0002651	0	1	1	2
OG0002652	0	1	1	2
OG0002653	0	1	1	2
OG0002654	0	1	1	2
OG0002655	0	1	1	2
OG0002656	0	1	1	2
OG0002657	0	1	1	2
OG0002658	0	1	1	2
OG0002659	0	1	1	2
OG0002660	0	1	1	2
OG0002661	0	1	1	2
OG0002662	0	1	1	2
OG0002663	0	1	1	2
OG0002664	0	1	1	2
OG0002665	0	1	1	2
OG0002666	0	1	1	2
OG0002667	0	1	1	2
OG0002668	0	1	1	2
OG0002669	0	1	1	2
OG0002670	0	1	1	2
OG0002671	0	1	1	2
OG0002672	0	1	1	2
OG0002673	0	1	1	2
OG0002674	0	1	1	2
OG0002675	0	1	1	2
OG0002676	0	1	1	2
OG0002677	0	1	1	2
OG0002678	0	1	1	2
OG0002679	0	1	1	2
OG0002680	0	1	1	2
OG0002681	0	1	1	2
OG0002682	0	1	1	2
OG0002683	0	1	1	2
OG0002684	0	1	1	2
OG0002685	0	1	1	2
OG0002686	0	1	1	2
OG0002687	0	1	1	2
OG0002688	0	1	1	2
OG0002689	0	1	1	2
OG0002690	0	1	1	2
OG0002691	0	1	1	2
OG0002692	0	1	1	2
OG0002693	0	1	1	2
OG0002694	0	1	1	2
OG0002695	0	1	1	2
OG0002696	0	1	1	2
OG0002697	0	1	1	2
OG0002698	0	1	1	2
OG0002699	0	1	1	2
OG0002700	0	1	1	2
OG0002701	0	1	1	2
OG0002702	0	1	1	2
OG0002703	0	1	1	2
OG0002704	0	1	1	2
OG0002705	0	1	1	2
OG0002706	0	1	1	2
OG0002707	0	1	1	2
OG0002708	0	1	1	2
OG0002709	0	1	1	2
OG0002710	0	1	1	2
OG0002711	0	1	1	2
OG0002712	0	1	1	2
OG0002713	0	1	1	2
OG0002714	0	1	1	2
OG0002715	0	1	1	2
OG0002716	0	1	1	2
OG0002717	0	1	1	2
OG0002718	0	1	1	2
OG0002719	0	1	1	2
OG0002720	0	1	1	2
OG0002721	0	1	1	2
OG0002722	0	1	1	2
OG0002723	0	1	1	2
OG0002724	0	1	1	2
OG0002725	0	1	1	2
OG0002726	0	1	1	2
OG0002727	0	1	1	2
OG0002728	0	1	1	2
OG0002729	0	1	1	2
OG0002730	0	1	1	2
OG0002731	0	1	1	2
OG0002732	0	1	1	2
OG0002733	0	1	1	2
OG0002734	0	1	1	2
OG0002735	0	1	1	2
OG0002736	0	1	1	2
OG0002737	0	1	1	2
OG0002738	0	1	1	2
OG0002739	0	1	1	2
OG0002740	0	1	1	2
OG0002741	0	1	1	2
OG0002742	0	1	1	2
OG0002743	0	1	1	2
OG0002744	0	1	1	2
OG0002745	0	1	1	2
OG0002746	0	1	1	2
OG0002747	0	1	1	2
OG0002748	0	1	1	2
OG0002749	0	1	1	2
OG0002750	0	1	1	2
OG0002751	0	1	1	2
OG0002752	0	1	1	2
OG0002753	0	1	1	2
OG0002754	0	1	1	2
OG0002755	0	1	1	2
OG0002756	0	1	1	2
OG0002757	0	1	1	2
OG0002758	0	1	1	2
OG0002759	0	1	1	2
OG0002760	0	1	1	2
OG0002761	0	1	1	2
OG0002762	0	1	1	2
OG0002763	0	1	1	2
OG0002764	0	1	1	2
OG0002765	0	1	1	2
OG0002766	0	1	1	2
OG0002767	0	1	1	2
OG0002768	0	1	1	2
OG0002769	0	1	1	2
OG0002770	0	1	1	2
OG0002771	0	1	1	2
OG0002772	0	1	1	2
OG0002773	0	1	1	2
OG0002774	0	1	1	2
OG0002775	0	1	1	2
OG0002776	0	1	1	2
OG0002777	0	1	1	2
OG0002778	0	1	1	2
OG0002779	0	1	1	2
OG0002780	0	1	1	2
OG0002781	0	1	1	2
OG0002782	0	1	1	2
OG0002783	0	1	1	2
OG0002784	0	1	1	2
OG0002785	0	1	1	2
OG0002786	0	1	1	2
OG0002787	0	1	1	2
OG0002788	0	1	1	2
OG0002789	0	1	1	2
OG0002790	0	1	1	2
OG0002791	0	1	1	2
OG0002792	0	1	1	2
OG0002793	0	1	1	2
OG0002794	0	1	1	2
OG0002795	0	1	1	2
OG0002796	0	1	1	2
OG0002797	0	1	1	2
OG0002798	0	1	1	2
OG0002799	0	1	1	2
OG0002800	0	1	1	2
OG0002801	0	1	1	2
OG0002802	0	1	1	2
OG0002803	0	1	1	2
OG0002804	0	1	1	2
OG0002805	0	1	1	2
OG0002806	0	1	1	2
OG0002807	0	1	1	2
OG0002808	0	1	1	2
OG0002809	0	1	1	2
OG0002810	0	1	1	2
OG0002811	0	1	1	2
OG0002812	0	1	1	2
OG0002813	0	1	1	2
OG0002814	0	1	1	2
OG0002815	0	1	1	2
OG0002816	0	1	1	2
OG0002817	0	1	1	2
OG0002818	0	1	1	2
OG0002819	0	1	1	2
OG0002820	0	1	1	2
OG0002821	0	1	1	2
OG0002822	0	1	1	2
OG0002823	0	1	1	2
OG0002824	0	1	1	2
OG0002825	0	1	1	2
OG0002826	0	1	1	2
OG0002827	0	1	1	2
OG0002828	0	1	1	2
OG0002829	0	1	1	2
OG0002830	0	1	1	2
OG0002831	0	1	1	2
OG0002832	0	1	1	2
OG0002833	0	1	1	2
OG0002834	0	1	1	2
OG0002835	0	1	1	2
OG0002836	0	1	1	2
OG0002837	0	1	1	2
OG0002838	0	1	1	2
OG0002839	0	1	1	2
OG0002840	0	1	1	2
OG0002841	0	1	1	2
OG0002842	0	1	1	2
OG0002843	0	1	1	2
OG0002844	0	1	1	2
OG0002845	0	1	1	2
OG0002846	0	1	1	2
OG0002847	0	1	1	2
OG0002848	0	1	1	2
OG0002849	0	1	1	2
OG0002850	0	1	1	2
OG0002851	0	1	1	2
OG0002852	0	1	1	2
OG0002853	0	1	1	2
OG0002854	0	1	1	2
OG0002855	0	1	1	2
OG0002856	0	1	1	2
OG0002857	0	1	1	2
OG0002858	0	1	1	2
OG0002859	0	1	1	2
OG0002860	0	1	1	2
OG0002861	0	1	1	2
OG0002862	0	1	1	2
OG0002863	0	1	1	2
OG0002864	0	1	1	2
OG0002865	0	1	1	2
OG0002866	0	1	1	2
OG0002867	0	1	1	2
OG0002868	0	1	1	2
OG0002869	0	1	1	2
OG0002870	0	1	1	2
OG0002871	0	1	1	2
OG0002872	0	1	1	2
OG0002873	0	1	1	2
OG0002874	0	1	1	2
OG0002875	0	1	1	2
OG0002876	0	1	1	2
OG0002877	0	1	1	2
OG0002878	0	1	1	2
OG0002879	0	1	1	2
OG0002880	0	1	1	2
OG0002881	0	1	1	2
OG0002882	0	1	1	2
OG0002883	0	1	1	2
OG0002884	0	1	1	2
OG0002885	0	1	1	2
OG0002886	0	1	1	2
OG0002887	0	1	1	2
OG0002888	0	1	1	2
OG0002889	0	1	1	2
OG0002890	0	1	1	2
OG0002891	0	1	1	2
OG0002892	0	1	1	2
OG0002893	0	1	1	2
OG0002894	0	1	1	2
OG0002895	0	1	1	2
OG0002896	0	1	1	2
OG0002897	0	1	1	2
OG0002898	0	1	1	2
OG0002899	0	1	1	2
OG0002900	0	1	1	2
OG0002901	0	1	1	2
OG0002902	0	1	1	2
OG0002903	0	1	1	2
OG0002904	0	1	1	2
OG0002905	0	1	1	2
OG0002906	0	1	1	2
OG0002907	0	1	1	2
OG0002908	0	1	1	2
OG0002909	0	1	1	2
OG0002910	0	1	1	2
OG0002911	0	1	1	2
OG0002912	0	1	1	2
OG0002913	0	1	1	2
OG0002914	0	1	1	2
OG0002915	0	1	1	2
OG0002916	0	1	1	2
OG0002917	0	1	1	2
OG0002918	0	1	1	2
OG0002919	0	1	1	2
OG0002920	0	1	1	2
OG0002921	0	1	1	2
OG0002922	0	1	1	2
OG0002923	0	1	1	2
OG0002924	0	1	1	2
OG0002925	0	1	1	2
OG0002926	0	1	1	2
OG0002927	0	1	1	2
OG0002928	0	1	1	2
OG0002929	0	1	1	2
OG0002930	0	1	1	2
OG0002931	0	1	1	2
OG0002932	0	1	1	2
OG0002933	0	1	1	2
OG0002934	0	1	1	2
OG0002935	0	1	1	2
OG0002936	0	1	1	2
OG0002937	0	1	1	2
OG0002938	0	1	1	2
OG0002939	0	1	1	2
OG0002940	0	1	1	2
OG0002941	0	1	1	2
OG0002942	0	1	1	2
OG0002943	0	1	1	2
OG0002944	0	1	1	2
OG0002945	0	1	1	2
OG0002946	0	1	1	2
OG0002947	0	1	1	2
OG0002948	0	1	1	2
OG0002949	0	1	1	2
OG0002950	0	1	1	2
OG0002951	0	1	1	2
OG0002952	0	1	1	2
OG0002953	0	1	1	2
OG0002954	0	1	1	2
OG0002955	0	1	1	2
OG0002956	0	1	1	2
OG0002957	0	1	1	2
OG0002958	0	1	1	2
OG0002959	0	1	1	2
OG0002960	0	1	1	2
OG0002961	0	1	1	2
OG0002962	0	1	1	2
OG0002963	0	1	1	2
OG0002964	0	1	1	2
OG0002965	0	1	1	2
OG0002966	0	1	1	2
OG0002967	0	1	1	2
OG0002968	0	1	1	2
OG0002969	0	1	1	2
OG0002970	0	1	1	2
OG0002971	0	1	1	2
OG0002972	0	1	1	2
OG0002973	0	1	1	2
OG0002974	0	1	1	2
OG0002975	0	1	1	2
OG0002976	0	1	1	2
OG0002977	0	1	1	2
OG0002978	0	1	1	2
OG0002979	0	1	1	2
OG0002980	0	1	1	2
OG0002981	0	1	1	2
OG0002982	0	1	1	2
OG0002983	0	1	1	2
OG0002984	0	1	1	2
OG0002985	0	1	1	2
OG0002986	0	1	1	2
OG0002987	0	1	1	2
OG0002988	0	1	1	2
OG0002989	0	1	1	2
OG0002990	0	1	1	2
OG0002991	0	1	1	2
OG0002992	0	1	1	2
OG0002993	0	1	1	2
OG0002994	0	1	1	2
OG0002995	0	1	1	2
OG0002996	0	1	1	2
OG0002997	0	1	1	2
OG0002998	0	1	1	2
OG0002999	0	1	1	2
OG0003000	0	1	1	2
OG0003001	0	1	1	2
OG0003002	0	1	1	2
OG0003003	0	1	1	2
OG0003004	0	1	1	2
OG0003005	0	1	1	2
OG0003006	0	1	1	2
OG0003007	0	1	1	2
OG0003008	0	1	1	2
OG0003009	0	1	1	2
OG0003010	0	1	1	2
OG0003011	0	1	1	2
OG0003012	0	1	1	2
OG0003013	0	1	1	2
OG0003014	0	1	1	2
OG0003015	0	1	1	2
OG0003016	0	1	1	2
OG0003017	0	1	1	2
OG0003018	0	1	1	2
OG0003019	0	1	1	2
OG0003020	0	1	1	2
OG0003021	0	1	1	2
OG0003022	0	1	1	2
OG0003023	0	1	1	2
OG0003024	0	1	1	2
OG0003025	0	1	1	2
OG0003026	0	1	1	2
OG0003027	0	1	1	2
OG0003028	0	1	1	2
OG0003029	0	1	1	2
OG0003030	0	1	1	2
OG0003031	0	1	1	2
OG0003032	0	1	1	2
OG0003033	0	1	1	2
OG0003034	0	1	1	2
OG0003035	0	1	1	2
OG0003036	0	1	1	2
OG0003037	0	1	1	2
OG0003038	0	1	1	2
OG0003039	0	1	1	2
OG0003040	0	1	1	2
OG0003041	0	1	1	2
OG0003042	0	1	1	2
OG0003043	0	1	1	2
OG0003044	0	1	1	2
OG0003045	0	1	1	2
OG0003046	0	1	1	2
OG0003047	0	1	1	2
OG0003048	0	1	1	2
OG0003049	0	1	1	2
OG0003050	0	1	1	2
OG0003051	0	1	1	2
OG0003052	0	1	1	2
OG0003053	0	1	1	2
OG0003054	0	1	1	2
OG0003055	0	1	1	2
OG0003056	0	1	1	2
OG0003057	0	1	1	2
OG0003058	0	1	1	2
OG0003059	0	1	1	2
OG0003060	0	1	1	2
OG0003061	0	1	1	2
OG0003062	0	1	1	2
OG0003063	0	1	1	2
OG0003064	0	1	1	2
OG0003065	0	1	1	2
OG0003066	0	1	1	2
OG0003067	0	1	1	2
OG0003068	0	1	1	2
OG0003069	0	1	1	2
OG0003070	0	1	1	2
OG0003071	0	1	1	2
OG0003072	0	1	1	2
OG0003073	0	1	1	2
OG0003074	0	1	1	2
OG0003075	0	1	1	2
OG0003076	0	1	1	2
OG0003077	0	1	1	2
OG0003078	0	1	1	2
OG0003079	0	1	1	2
OG0003080	0	1	1	2
OG0003081	0	1	1	2
OG0003082	0	1	1	2
OG0003083	0	1	1	2
OG0003084	0	1	1	2
OG0003085	0	1	1	2
OG0003086	0	1	1	2
OG0003087	0	1	1	2
OG0003088	0	1	1	2
OG0003089	0	1	1	2
OG0003090	0	1	1	2
OG0003091	0	1	1	2
OG0003092	0	1	1	2
OG0003093	0	1	1	2
OG0003094	0	1	1	2
OG0003095	0	1	1	2
OG0003096	0	1	1	2
OG0003097	0	1	1	2
OG0003098	0	1	1	2
OG0003099	0	1	1	2
OG0003100	0	1	1	2
OG0003101	0	1	1	2
OG0003102	0	1	1	2
OG0003103	0	1	1	2
OG0003104	0	1	1	2
OG0003105	0	1	1	2
OG0003106	0	1	1	2
OG0003107	0	1	1	2
OG0003108	0	1	1	2
OG0003109	0	1	1	2
OG0003110	0	1	1	2
OG0003111	0	1	1	2
OG0003112	0	1	1	2
OG0003113	0	1	1	2
OG0003114	0	1	1	2
OG0003115	0	1	1	2
OG0003116	0	1	1	2
OG0003117	0	1	1	2
OG0003118	0	1	1	2
OG0003119	0	1	1	2
OG0003120	0	1	1	2
OG0003121	0	1	1	2
OG0003122	0	1	1	2
OG0003123	0	1	1	2
OG0003124	0	1	1	2
OG0003125	0	1	1	2
OG0003126	0	1	1	2
OG0003127	0	1	1	2
OG0003128	0	1	1	2
OG0003129	0	1	1	2
OG0003130	0	1	1	2
OG0003131	0	1	1	2
OG0003132	0	1	1	2
OG0003133	0	1	1	2
OG0003134	0	1	1	2
OG0003135	0	1	1	2
OG0003136	0	1	1	2
OG0003137	0	1	1	2
OG0003138	0	1	1	2
OG0003139	0	1	1	2
OG0003140	0	1	1	2
OG0003141	0	1	1	2
OG0003142	0	1	1	2
OG0003143	0	1	1	2
OG0003144	0	1	1	2
OG0003145	0	1	1	2
OG0003146	0	1	1	2
OG0003147	0	1	1	2
OG0003148	0	1	1	2
OG0003149	0	1	1	2
OG0003150	0	1	1	2
OG0003151	0	1	1	2
OG0003152	0	1	1	2
OG0003153	0	1	1	2
OG0003154	0	1	1	2
OG0003155	0	1	1	2
OG0003156	0	1	1	2
OG0003157	0	1	1	2
OG0003158	0	1	1	2
OG0003159	0	1	1	2
OG0003160	0	1	1	2
OG0003161	0	1	1	2
OG0003162	0	1	1	2
OG0003163	0	1	1	2
OG0003164	0	1	1	2
OG0003165	0	1	1	2
OG0003166	0	1	1	2
OG0003167	0	1	1	2
OG0003168	0	1	1	2
OG0003169	0	1	1	2
OG0003170	0	1	1	2
OG0003171	0	1	1	2
OG0003172	0	1	1	2
OG0003173	0	1	1	2
OG0003174	0	1	1	2
OG0003175	0	1	1	2
OG0003176	0	1	1	2
OG0003177	0	1	1	2
OG0003178	0	1	1	2
OG0003179	0	1	1	2
OG0003180	0	1	1	2
OG0003181	0	1	1	2
OG0003182	0	1	1	2
OG0003183	0	1	1	2
OG0003184	0	1	1	2
OG0003185	0	1	1	2
OG0003186	0	1	1	2
OG0003187	0	1	1	2
OG0003188	0	1	1	2
OG0003189	0	1	1	2
OG0003190	0	1	1	2
OG0003191	0	1	1	2
OG0003192	0	1	1	2
OG0003193	0	1	1	2
OG0003194	0	1	1	2
OG0003195	0	1	1	2
OG0003196	0	1	1	2
OG0003197	0	1	1	2
